1161.SH.SD.Endo.1	1161.SH.SD.Soil.2	1161.SH.PU.Soil.1	1161.SH.PU.Endo.1	1161.SH.PU.Epi.1	1161.SH.PU.Soil.2	1161.SH.PU.Epi.3	1161.SH.GA.Endo.1	1161.SH.GA.Epi.1	1161.SH.SD.Soil.4	1161.SH.GA.Epi.2	1161.SH.PU.Epi.2	1161.SH.PU.Endo.3	1161.SH.PU.Soil.4	1161.SH.PU.Endo.2	1161.SH.GA.Soil.1	1161.SH.GA.Soil.2	1161.SH.GA.Soil.4	1161.SH.SD.Epi.1	1161.SH.SD.Soil.1	1161.SH.GA.Endo.2	1161.SH.PU.Soil.3	1161.SH.SD.Soil.3	1161.SH.SD.Endo.2	1161.SH.PU.Endo.4	1161.SH.GA.Epi.3	1161.SH.SD.Endo.3	1161.SH.SD.Epi.4	1161.SH.SD.Epi.2	1161.SH.GA.Endo.4	1161.SH.GA.Soil.3	1161.SH.GA.Endo.3	1161.SH.SD.Epi.3	1161.SH.GA.Epi.4	1161.SH.PU.Epi.4	1161.SH.SD.Endo.4
OTU_81	49	33	640	0	99	210	26	15	131	21	28	181	3	93	9	493	240	46	86	58	1	108	12	1	0	16	8	18	18	22	102	6	26	20	3	2
OTU_3	965	479	1363	1393	5545	658	632	2290	9516	33	4704	301	669	379	73	2655	3203	103	1059	242	450	228	44	141	184	698	100	194	661	146	422	921	268	129	202	56
OTU_670	28	90	2779	25	785	1079	149	21	277	59	109	166	5	361	0	2141	772	152	91	165	0	459	41	3	0	89	6	38	57	28	206	18	49	36	8	4
OTU_2	260	17	379	7304	1025	94	186	4721	355	29	56	180	3556	16	586	63	24	1	65	17	884	46	9	158	131	16	304	12	37	758	1	127	50	36	34	108
OTU_32	37	508	3009	0	157	1712	58	0	43	277	10	56	0	788	0	1202	219	106	32	424	0	748	450	4	0	9	12	37	49	0	180	0	28	8	2	33
OTU_29	10	118	2850	0	413	929	41	0	24	65	12	45	0	422	0	510	197	72	2	210	0	428	127	0	0	7	3	7	2	0	55	2	17	7	1	39
OTU_535	1	8	67	22	19	36	9	0	7	5	3	7	0	12	0	50	2	2	0	9	0	22	2	0	1	95	0	2	2	0	88	18	2	4	1	2
OTU_9	255	105	469	464	2116	345	439	3803	1401	39	1030	405	181	138	119	601	87	33	459	124	926	137	25	138	151	575	128	128	119	782	29	168	117	113	84	52
OTU_56	4	55	711	9	1018	243	163	11	450	25	63	179	1	96	6	550	111	17	78	103	0	97	25	2	2	43	4	4	41	7	26	3	28	12	13	0
OTU_40	388	61	104	3218	368	74	15	893	106	37	22	35	485	23	48	133	43	5	65	82	230	28	21	71	147	3	113	11	69	252	9	18	11	8	7	44
OTU_27	530	1334	519	0	164	305	97	0	65	891	16	17	0	184	0	1028	344	60	95	1330	0	141	613	8	0	11	84	156	88	3	96	0	61	5	9	139
OTU_92	1	11	17	2	120	6	39	21	644	0	134	54	0	0	0	40	5	2	24	6	1	5	0	0	0	37	0	2	24	2	1	3	3	8	5	0
OTU_17	17	10	183	1385	1545	24	179	1954	1053	2	319	154	118	41	20	195	193	5	65	11	271	48	3	94	205	103	24	10	90	97	21	74	47	38	78	1
OTU_340	13	5	60	108	356	26	81	394	516	5	124	56	52	10	2	47	14	3	68	5	27	27	2	4	4	74	2	22	46	37	7	6	34	28	11	2
OTU_233	2	14	278	0	52	57	16	0	6	15	2	7	0	52	0	24	43	6	31	22	0	53	10	0	0	1	0	9	7	0	14	0	15	1	1	1
OTU_327	107	0	8	0	0	0	16	1066	115	2	5	1	4373	1	1381	37	3	0	14	0	110	2	0	177	14	10	29	2	8	10	0	15	20	0	2	1
OTU_13	34	60	1782	29	11316	741	1736	99	4410	44	1083	1623	0	312	1	1718	602	157	81	121	9	358	44	4	1	509	10	76	45	92	180	17	50	519	131	10
OTU_10	274	488	4621	122	12918	2009	2054	218	6072	395	2664	2166	14	878	15	5608	1334	357	300	743	66	923	286	13	4	1028	78	231	326	299	298	263	353	855	141	57
OTU_66	5	122	1129	7	65	304	11	0	9	54	0	13	0	185	0	229	113	24	9	115	7	221	42	0	0	2	6	11	1	0	25	0	5	1	1	2
OTU_85	30	27	509	120	153	133	20	318	107	6	4	25	67	36	13	253	50	11	33	21	41	35	2	80	10	6	17	11	61	41	54	8	13	9	1	9
OTU_4	145	29	70	14778	2700	124	448	318	147	7	110	297	449	17	2185	43	33	4	251	24	1048	50	4	1189	739	21	203	48	92	89	5	26	43	10	113	6
OTU_49	33	126	1105	2	125	367	12	27	175	57	29	28	0	132	0	579	130	26	24	107	8	150	60	3	2	5	23	14	30	4	76	3	27	17	3	2
OTU_3175	0	7	51	0	10	11	4	3	6	5	3	5	0	11	0	187	15	6	2	5	0	9	8	0	0	1	2	0	0	2	7	2	0	2	2	0
OTU_312	130	31	12	152	26	13	3	101	2	11	0	0	17	4	19	24	5	0	9	38	12	19	13	17	0	1	35	15	27	4	2	3	13	1	0	14
OTU_7	995	237	246	202	26	145	354	0	2441	47	17	183	70	23	10	1042	2	5	1037	314	229	42	66	91	6	138	44	398	409	59	0	69	187	131	8	52
OTU_1718	5	21	232	0	54	86	8	0	20	11	4	7	0	50	0	137	70	18	8	23	0	59	9	0	0	1	0	5	2	3	7	0	1	2	0	1
OTU_228	23	20	90	3	14	15	3	14	33	13	5	5	0	11	0	118	43	9	5	22	0	11	9	1	0	1	1	2	4	1	4	3	1	2	0	2
OTU_83	0	0	145	0	94	41	224	0	894	0	233	2	0	60	0	316	55	42	0	1	15	16	0	0	0	45	0	0	0	203	5	17	0	456	183	0
OTU_771	4	8	10	0	0	1	0	0	2	3	1	1	0	0	0	41	21	21	26	62	0	0	7	0	0	1	0	1	6	0	0	0	5	1	0	0
OTU_800	1	6	424	1	573	169	136	0	115	5	26	86	9	49	0	350	86	33	1	11	0	64	8	0	0	24	0	2	5	0	22	0	1	9	5	0
OTU_8	322	264	784	808	6176	386	1027	6504	6474	78	1787	1115	232	168	121	869	275	37	911	284	1095	220	70	178	200	507	162	177	694	826	59	326	384	213	320	24
OTU_530	6	61	10	0	0	2	0	0	0	46	0	0	0	2	0	74	26	3	3	63	0	3	44	0	0	2	0	7	4	0	4	0	11	2	0	0
OTU_839	6	6	41	0	211	10	18	7	80	2	13	13	2	11	0	64	9	1	8	8	0	1	4	0	0	2	4	1	5	7	3	2	3	4	6	1
OTU_5	110	704	10534	0	498	7517	174	1	72	326	12	170	0	3199	11	3204	619	318	39	498	0	2921	414	0	4	32	74	29	35	0	408	0	57	9	16	16
OTU_23	0	0	5093	0	226	1999	45	0	61	0	11	65	0	625	0	826	214	115	0	1	0	671	0	0	0	2	0	1	0	0	78	0	0	1	6	0
OTU_182	3	9	32	28	261	9	17	11	148	1	31	29	3	2	2	300	56	8	2	10	0	6	0	0	2	7	0	3	4	12	3	0	1	13	1	0
OTU_34	847	70	95	279	245	228	16	1332	87	66	11	19	152	22	112	184	43	4	64	138	221	43	21	130	10	0	153	86	35	121	3	251	26	6	5	116
OTU_681	1	3	184	0	18	75	5	0	2	9	0	9	0	48	0	18	10	2	2	6	0	38	3	0	1	1	1	1	0	0	3	0	4	0	0	0
OTU_180	2	0	81	257	76	1	0	924	54	0	1	3	73	0	26	1	1	0	1	0	74	0	0	2	6	0	2	1	1	31	0	17	0	0	0	1
OTU_362	11	42	14	2	34	4	2	1	2	11	0	1	86	4	0	2	0	1	6	33	0	3	10	2	1	0	40	1	12	0	0	0	7	0	0	6
OTU_25	159	451	50	0	157	30	71	0	560	328	141	111	0	7	0	280	53	22	458	881	11	18	159	0	4	42	13	225	332	0	1	0	199	89	2	18
OTU_486	2	3	85	36	31	29	1	62	19	1	5	8	24	10	5	37	8	1	2	1	28	11	0	5	2	7	2	0	2	19	12	12	1	1	1	0
OTU_42	0	0	1290	28	762	450	168	0	127	0	6	116	0	175	0	801	118	34	0	0	1	197	0	0	0	43	0	0	0	0	31	0	0	16	8	0
OTU_262	34	41	100	6	14	32	3	0	22	6	2	5	0	19	0	125	39	2	22	38	0	23	9	0	0	4	4	4	9	3	5	3	3	2	0	0
OTU_38	10	34	133	0	1409	213	160	0	188	30	28	74	0	30	0	126	46	18	49	87	0	38	17	0	0	30	0	24	22	0	0	5	22	34	42	3
OTU_6	42	16	162	244	247	149	56	7529	703	2	224	84	45	34	25	140	40	5	93	18	111	29	6	60	7	80	18	5	54	573	10	167	32	16	22	3
OTU_1091	12	1	0	0	0	0	1	0	0	0	0	0	0	0	0	0	0	0	7	3	0	0	0	0	0	0	18	0	2	0	0	1	0	0	0	0
OTU_253	26	69	37	1	140	23	23	27	62	19	10	15	0	12	0	81	19	5	44	77	0	12	23	1	0	6	9	9	31	3	12	6	12	2	0	0
OTU_239	7	79	168	0	15	54	2	0	37	28	7	3	0	27	0	335	160	20	3	73	1	28	47	0	0	5	8	3	8	0	37	0	12	3	0	1
OTU_820	33	82	884	0	247	428	257	0	73	58	22	48	0	492	0	248	37	15	60	69	11	399	17	0	0	11	17	44	46	15	14	4	13	9	22	4
OTU_463	0	1	28	0	0	146	0	0	0	0	0	0	0	21	0	28	9	2	0	0	0	28	0	0	0	0	0	0	0	0	18	0	0	0	0	0
OTU_98	132	160	265	7	113	90	31	42	187	60	36	27	0	44	0	698	220	50	131	209	5	35	37	5	1	20	22	54	53	36	32	12	41	22	9	0
OTU_77	23	84	781	1	1139	419	272	1	921	68	383	325	0	142	0	588	138	46	86	134	33	158	52	3	0	161	56	43	92	18	56	33	105	82	12	8
OTU_604	0	0	0	0	4	0	9	0	20	1	39	5	0	2	0	0	1	0	1	0	1	0	1	0	0	12	0	0	1	0	0	0	2	1	0	0
OTU_12	6899	4	190	0	2107	56	0	0	72	7	10	7	1	18	0	26	56	14	66	15	0	20	7	0	0	2	0	9	17	0	0	0	4	50	24	0
OTU_14	730	1011	1133	0	626	519	324	0	67	548	38	56	0	573	0	1968	419	112	256	1016	2	576	320	16	0	30	50	133	298	101	86	0	86	17	22	54
OTU_1882	17	17	14	87	242	6	31	45	144	4	17	21	8	4	69	20	12	1	26	18	26	9	0	16	20	9	17	5	22	15	0	16	21	6	6	6
OTU_363	26	451	985	0	79	406	12	0	52	305	15	26	0	260	0	917	281	107	41	427	0	148	288	0	7	6	12	36	33	0	100	0	64	16	2	5
OTU_3335	0	0	294	0	22	145	7	0	2	0	0	7	0	39	0	35	4	4	0	0	0	41	0	0	0	10	0	0	0	0	51	0	1	0	1	0
OTU_101	54	296	40	0	47	12	0	0	21	137	71	56	1	1	0	57	9	5	81	348	11	0	91	3	0	9	44	83	140	9	1	151	140	7	1	11
OTU_3779	9	11	20	0	0	8	1	0	0	14	0	1	0	8	0	21	6	3	2	11	0	21	5	0	6	2	0	1	3	0	1	0	0	2	0	0
OTU_1	1094	153	277	1063	2224	138	38	9173	1245	21	304	102	312	53	7333	385	219	11	294	222	7055	41	28	6999	1014	173	354	40	319	126	29	6613	228	10	110	102
OTU_71	22	8	27	212	74	10	13	258	27	3	39	8	261	2	89	24	7	0	25	8	2078	9	1	28	7	5	19	3	19	104	1	32	5	2	0	0
OTU_97	25	142	502	3	300	211	51	11	188	51	48	54	0	109	10	768	121	36	100	138	0	119	56	0	0	16	11	29	66	7	26	0	32	7	7	4
OTU_1056	1	1	28	9	1	10	1	0	0	0	0	2	21	5	3	2	0	0	0	0	2	3	0	0	1	0	1	0	2	0	1	0	0	0	1	0
OTU_54	3	19	1864	5	36	660	21	0	10	2	2	22	0	321	0	512	128	60	1	10	0	340	6	0	0	3	2	2	2	1	82	0	3	3	2	0
OTU_4335	6	9	199	0	9	27	3	0	11	10	2	3	0	20	0	53	22	1	1	16	0	21	1	1	0	1	0	0	0	3	12	0	2	0	1	1
OTU_82	40	26	20	232	98	33	5	67	36	5	10	25	15	6	642	38	7	1	118	18	558	4	1	395	64	8	152	17	31	3	5	2	93	0	15	6
OTU_3176	0	0	376	0	59	112	2	0	0	0	0	17	0	65	0	50	5	4	0	0	0	54	0	0	0	5	0	0	0	0	3	0	0	0	1	0
OTU_99	11	11	191	65	1175	46	190	632	1610	6	115	195	4	32	4	167	27	5	83	13	100	33	8	2	0	72	7	39	33	137	3	15	55	53	16	18
OTU_22	6	15	1124	0	58	3005	37	0	50	10	3	97	0	556	0	681	145	48	0	19	0	656	18	0	0	2	1	1	0	0	90	0	3	2	4	0
OTU_358	10	35	222	0	62	62	12	14	26	15	5	12	1	46	0	74	23	17	14	39	1	50	23	0	0	4	5	5	1	2	18	1	7	2	1	1
OTU_58	20	28	164	82	1714	86	241	1906	921	5	314	141	68	20	11	167	37	11	50	19	432	47	2	540	174	152	28	12	72	48	19	89	42	37	41	3
OTU_3361	12	6	10	0	36	6	5	11	53	2	33	11	1	3	1	102	14	6	5	7	38	5	0	0	0	9	0	0	3	10	5	8	2	9	2	0
OTU_28	1	0	1588	0	133	617	5	0	136	0	42	25	0	97	0	682	140	53	0	1	10	105	0	0	0	20	1	0	0	1	48	2	1	14	3	0
OTU_146	2	12	531	0	13	146	3	0	10	13	0	1	0	88	0	156	69	19	3	15	0	55	1	0	0	1	0	1	1	0	11	0	0	2	2	0
OTU_115	4	20	214	1	590	67	64	0	174	14	33	65	0	55	0	105	16	15	92	28	0	49	7	1	0	20	0	18	60	7	17	0	39	10	10	0
OTU_33	260	55	192	391	2860	134	209	326	1155	34	397	404	30	38	44	239	51	5	322	67	744	68	19	89	7	141	50	56	207	210	12	127	84	71	63	144
OTU_308	3	49	11	0	0	27	0	0	0	8	0	0	0	11	0	84	5	1	0	20	0	8	23	0	0	0	7	1	1	0	3	0	0	0	0	0
OTU_102	7	28	601	0	64	168	24	1	84	16	8	26	0	83	1	363	117	31	16	29	0	90	7	1	1	7	0	5	4	6	32	1	5	10	4	0
OTU_189	0	31	455	0	0	68	1	0	0	6	7	2	0	69	0	268	59	7	0	17	0	41	9	0	0	0	0	2	0	0	9	0	2	1	0	0
OTU_1300	26	15	62	93	763	17	122	967	682	10	59	100	17	13	41	29	6	2	62	31	22	18	7	1	14	38	14	13	30	181	1	51	13	27	13	3
OTU_30	82	187	685	112	1972	205	94	186	570	81	106	121	40	81	3	682	200	25	116	196	105	83	55	6	1	18	42	32	85	24	33	30	37	32	14	5
OTU_868	6	9	5	0	0	1	0	0	0	4	1	1	0	0	0	6	1	1	2	11	0	0	7	0	0	0	7	0	5	0	1	0	2	1	0	0
OTU_337	8	11	17	0	115	11	1	0	32	4	11	20	0	4	0	30	6	1	28	31	0	5	4	0	0	1	1	7	8	1	0	0	7	5	1	0
OTU_144	2	12	415	0	31	156	11	7	73	0	4	7	0	60	0	267	147	49	1	3	0	71	2	0	0	3	0	0	1	3	59	3	1	13	1	0
OTU_43	0	4	1746	0	175	581	17	1	66	0	0	71	0	295	0	411	96	42	0	2	0	245	1	0	0	20	0	0	0	0	22	0	0	5	2	1
OTU_118	9	20	14	79	282	5	8	182	118	10	24	8	1	7	2	77	18	3	11	25	5	2	2	2	8	2	1	10	13	15	2	2	7	5	1	6
OTU_4648	77	30	33	247	102	13	13	106	14	29	3	15	220	15	20	26	9	0	25	33	17	9	7	28	168	0	85	17	23	5	3	12	7	6	7	18
OTU_527	0	8	188	0	14	8	0	0	0	1	1	1	0	14	0	21	5	2	1	9	0	30	2	0	0	0	1	1	0	0	1	0	0	0	0	0
OTU_416	12	54	215	0	0	85	1	1	1	20	2	1	0	49	0	291	118	27	3	48	1	25	25	0	0	1	2	1	5	3	22	0	4	0	0	0
OTU_643	1	21	0	0	0	1	0	0	10	4	0	2	0	0	0	11	1	0	4	8	0	0	6	0	1	1	11	0	10	0	1	0	9	0	0	0
OTU_184	2	7	28	0	28	7	8	66	143	0	21	0	1	14	0	353	36	9	0	2	50	4	0	0	0	4	0	0	1	9	18	14	0	5	0	0
OTU_20	13	54	121	15	1251	22	199	147	1370	6	1094	101	9	15	9	147	20	7	140	15	213	14	4	15	1	361	4	10	118	5	5	42	61	10	50	0
OTU_303	1	0	0	0	0	0	0	153	8	0	2	0	0	0	0	4	0	0	0	0	30	0	0	0	0	3	0	0	0	71	0	13	0	0	0	0
OTU_311	12	4	6	4	103	3	2	51	50	1	6	5	0	1	0	30	9	2	18	7	1	0	2	2	0	2	6	1	22	5	1	0	13	5	0	1
OTU_226	1	23	362	1	57	124	10	0	19	12	2	13	0	57	0	206	56	17	1	17	0	50	13	0	0	2	0	3	4	0	21	0	3	1	2	0
OTU_242	0	0	2	0	0	1	0	0	20	1	7	0	0	1	0	270	55	18	0	0	0	1	0	0	0	3	0	0	0	0	8	0	0	2	0	0
OTU_11	11	59	148	57	782	54	83	3346	2311	20	379	206	7	24	49	289	52	12	198	65	120	26	15	5	14	84	11	46	142	1225	19	49	82	137	40	2
OTU_52	17	15	50	1	443	15	74	43	575	9	121	19	0	13	0	225	20	6	37	22	101	27	2	8	0	42	3	18	57	13	5	3	13	35	7	2
OTU_2957	0	3	1440	0	48	616	16	0	0	0	0	14	0	306	0	221	76	41	0	1	0	226	1	0	0	1	0	0	0	0	25	5	1	3	2	0
OTU_261	12	3	22	0	5	5	6	0	36	0	4	2	0	18	0	17	36	3	2	1	2	11	0	0	0	4	0	0	2	0	19	180	0	1	0	0
OTU_618	0	1	242	0	52	37	8	0	19	2	18	8	0	28	0	44	87	8	3	3	0	51	1	0	0	0	0	1	3	4	4	0	4	6	0	0
OTU_112	109	286	238	41	284	73	28	75	262	73	57	117	12	40	8	672	208	33	87	238	5	40	63	5	1	15	17	29	63	38	23	21	45	10	7	6
OTU_272	0	3	210	0	26	54	1	0	31	1	1	2	0	20	0	100	41	15	0	2	0	12	3	0	0	0	1	0	2	1	23	2	0	3	0	0
OTU_44	14	196	1713	0	248	525	10	0	7	172	3	28	9	310	0	369	168	52	22	185	0	349	92	1	0	8	15	29	23	0	49	0	15	3	3	14
OTU_15	49	340	2588	1	130	995	44	1	40	171	8	26	0	559	0	948	363	149	22	332	0	523	226	0	0	11	17	33	36	3	86	0	69	7	2	3
OTU_324	2	22	10	0	0	62	0	105	0	3	1	2	0	5	0	53	0	0	0	13	0	1	5	0	0	0	0	0	5	0	3	0	3	0	0	0
OTU_60	203	368	387	3	77	384	61	67	181	133	14	197	11	88	11	341	64	26	344	514	0	145	111	12	0	24	158	88	170	10	39	12	136	11	2	7
OTU_640	0	94	1	0	0	14	0	0	3	17	3	1	0	3	0	129	23	6	5	22	0	3	15	0	0	3	0	2	11	0	2	0	1	5	0	0
OTU_342	24	41	5	7	19	8	1	1	67	19	21	0	0	2	0	86	8	1	8	39	198	9	10	9	0	2	3	7	20	17	3	11	1	1	0	2
OTU_200	5	50	364	0	38	113	3	1	42	15	6	7	0	26	0	196	67	9	4	35	0	44	25	0	0	0	5	4	8	0	25	0	2	2	0	1
OTU_248	105	567	275	35	15	249	7	1	7	182	3	4	0	73	0	401	107	20	11	345	0	142	299	2	0	7	33	13	21	0	131	0	39	2	0	7
OTU_213	0	0	461	0	13	108	3	7	2	0	0	4	0	50	0	35	17	11	0	1	0	81	0	0	0	0	0	0	0	1	18	0	1	0	0	0
OTU_122	21	32	22	87	142	29	9	546	108	13	27	28	33	8	139	82	19	11	76	32	208	10	8	1152	16	74	88	23	71	23	32	41	30	6	5	1
OTU_18	24	31	324	0	3957	268	138	0	577	14	410	353	0	58	11	255	61	15	40	60	0	22	17	0	11	72	2	20	52	238	8	11	44	194	60	0
OTU_332	2	27	239	0	18	108	2	5	19	13	3	2	0	32	0	272	66	12	2	20	2	36	13	1	0	5	3	1	1	3	23	2	3	2	0	0
OTU_4120	22	46	102	3	269	51	21	6	21	14	9	37	12	20	1	96	27	10	65	51	3	31	10	1	0	7	10	18	28	4	4	1	28	2	2	5
OTU_96	18	18	1417	216	231	421	36	508	204	5	14	53	108	102	30	446	85	24	12	14	45	157	4	11	19	5	5	3	7	60	61	27	13	10	2	2
OTU_208	36	79	435	0	33	203	1	0	0	50	4	3	0	112	0	313	52	25	3	62	0	131	42	2	0	1	1	3	7	0	64	0	4	1	0	4
OTU_37	49	112	931	104	1881	303	56	66	211	35	42	77	6	123	5	743	232	46	95	135	8	140	18	3	1	22	14	24	62	13	37	11	26	15	12	3
OTU_111	24	15	41	2	575	18	79	56	207	10	56	77	2	5	2	28	7	2	63	25	3	12	6	3	0	21	12	15	50	41	2	4	30	15	5	1
OTU_113	44	451	27	0	29	62	4	0	27	112	8	4	0	18	0	566	87	21	47	376	0	19	131	0	0	15	5	20	63	8	11	2	22	7	2	14
OTU_408	2	53	0	0	0	0	0	0	0	19	0	0	0	0	0	5	0	0	30	48	0	0	11	0	0	0	1	12	10	0	0	0	11	0	0	0
OTU_169	22	18	50	2	218	2	14	0	35	3	18	13	0	13	0	14	17	2	26	12	4	8	0	2	1	8	4	8	14	4	10	60	15	3	2	0
OTU_367	0	7	128	0	19	17	3	0	0	7	0	0	0	29	0	0	0	0	4	21	0	46	7	0	0	0	0	3	2	0	0	0	0	0	0	0
OTU_260	0	0	156	0	14	57	3	0	31	0	6	3	0	25	0	114	33	10	0	1	0	19	0	0	0	1	0	0	0	0	16	0	0	0	0	0
OTU_245	2	15	125	3	73	25	14	6	56	9	15	15	0	21	1	134	25	8	6	13	0	17	13	0	0	7	1	3	6	1	15	0	9	1	1	0
OTU_152	1	1	20	0	9	0	1	0	59	0	5	0	0	4	0	488	39	6	1	0	13	3	0	0	0	5	0	1	0	3	3	2	0	5	0	0
OTU_544	3	9	274	0	16	129	2	0	14	5	2	4	0	40	1	103	24	8	1	13	0	26	11	1	1	0	0	5	0	0	14	0	3	0	0	0
OTU_430	0	15	27	0	11	13	1	0	26	3	6	2	0	5	0	167	18	5	19	23	0	3	8	0	0	3	2	2	3	0	9	0	9	0	0	0
OTU_95	8	40	89	0	756	45	68	376	466	22	72	73	10	8	1	210	42	6	38	32	6	12	19	2	2	22	3	17	46	14	6	7	27	19	11	1
OTU_39	124	638	829	0	47	450	8	0	14	337	2	9	0	247	0	593	317	57	11	596	0	215	389	4	1	0	69	47	19	0	39	6	21	0	1	38
OTU_297	28	78	1078	1	2248	360	483	120	1047	64	225	416	0	173	0	1759	304	110	43	107	6	240	57	0	1	422	6	33	63	71	119	13	72	111	32	2
OTU_48	23	0	3	196	23	2	1	1276	1	0	0	3	122	0	123	1	0	0	1	1	343	1	0	50	29	1	29	0	0	138	0	222	1	0	0	1
OTU_1238	10	4	10	0	34	4	1	0	5	1	0	3	0	2	0	23	0	0	0	6	40	1	2	2	0	0	4	1	2	0	0	2	0	0	0	3
OTU_195	0	22	195	0	63	56	4	0	0	11	0	6	0	52	0	29	6	5	0	15	0	40	14	1	0	1	0	2	1	0	0	0	3	0	0	0
OTU_237	49	139	212	0	6	85	8	0	0	43	0	8	0	47	0	131	25	6	5	90	0	50	100	0	0	1	17	10	7	0	8	0	11	1	0	9
OTU_365	30	21	114	7	79	83	35	91	172	9	7	259	4	30	35	188	83	24	74	39	4	30	6	35	2	16	113	9	98	15	8	8	97	9	7	1
OTU_45	0	143	209	0	41	466	72	0	191	12	6	24	0	230	0	440	75	10	79	100	0	349	25	2	0	14	3	19	43	0	21	1	30	1	1	0
OTU_2986	3	0	871	0	109	265	28	0	60	1	8	42	0	158	0	421	134	70	0	2	0	135	2	0	0	5	0	0	0	5	19	0	0	3	2	0
OTU_172	1	27	574	0	91	253	12	0	29	14	6	12	0	75	0	599	168	34	2	19	0	82	27	0	0	5	6	2	3	3	40	0	8	5	0	0
OTU_443	12	31	4	0	121	0	8	3	114	7	25	13	3	1	0	23	4	1	15	23	9	3	15	11	0	12	5	0	29	1	0	5	4	4	1	1
OTU_148	7	14	11	10	12	22	19	0	6	8	0	563	70	2	184	1	1	0	13	7	0	9	3	1	0	2	14	0	25	1	0	6	23	1	3	0
OTU_205	0	2	306	0	39	113	3	0	0	2	0	1	0	54	0	73	22	11	1	8	0	65	5	0	0	0	0	1	0	0	13	0	0	0	1	0
OTU_57	57	218	452	0	15	318	7	0	18	160	4	8	0	99	0	786	161	58	18	276	0	115	157	0	0	4	6	27	18	0	61	0	21	5	1	7
OTU_2737	0	0	0	2	0	0	0	0	846	0	9	0	0	0	0	31	6	0	0	0	1	0	0	0	0	40	0	0	0	0	0	2	0	12	0	0
OTU_16	0	0	4339	0	833	1614	78	0	122	2	23	151	1	467	0	1382	182	94	0	1	0	491	1	1	0	7	0	0	0	0	66	0	0	18	5	0
OTU_379	28	13	11	0	6	3	0	4	28	8	3	0	2	4	0	43	13	1	16	26	1	3	2	1	0	4	2	12	8	2	3	5	2	0	0	0
OTU_124	0	0	307	0	31	216	3	0	6	0	2	2	0	43	0	46	4	4	0	0	0	75	0	0	0	0	0	0	0	0	7	0	0	0	0	0
OTU_252	7	29	202	1	57	69	3	8	25	12	2	4	0	18	0	128	50	7	7	33	0	26	8	1	1	1	5	5	2	2	26	1	2	2	0	1
OTU_114	1	83	549	0	5	260	11	0	7	19	1	3	0	145	0	195	43	14	0	30	0	172	42	0	0	6	0	2	2	0	61	0	4	2	0	0
OTU_53	0	41	1376	0	301	645	42	0	97	18	22	65	0	201	0	935	195	90	3	38	0	196	19	0	0	14	0	0	0	4	70	1	9	13	3	0
OTU_100	0	0	0	0	0	0	0	7	1157	0	9	0	0	0	0	264	12	1	0	0	8	0	1	0	0	38	0	0	0	0	0	2	0	2	0	0
OTU_409	0	3	320	0	18	165	1	0	7	0	3	16	0	103	0	191	88	36	0	5	0	86	3	0	0	2	0	0	0	0	17	0	0	3	1	0
OTU_149	13	72	461	2	49	140	12	0	49	36	4	13	0	76	0	202	75	26	9	88	0	90	36	1	0	5	2	6	10	4	70	1	10	1	0	1
OTU_1364	0	1	370	0	63	130	3	0	2	0	1	15	0	75	0	14	5	3	0	2	0	63	0	0	0	3	0	0	0	0	6	0	0	0	0	0
OTU_972	6	10	22	0	3	10	1	0	3	1	1	0	1	2	0	12	3	0	2	8	0	7	4	1	0	0	7	2	2	1	1	2	2	0	0	1
OTU_204	0	2	211	0	5	81	0	0	7	0	1	6	0	22	0	74	23	5	0	1	0	28	0	0	0	2	0	0	0	1	25	0	0	0	0	0
OTU_405	0	8	450	0	33	230	4	2	46	2	10	7	0	55	1	267	67	14	1	15	0	61	7	0	0	3	0	1	1	1	84	0	3	0	0	0
OTU_435	5	26	72	4	723	66	170	46	408	11	166	113	5	30	1	267	52	10	68	34	20	31	9	1	0	61	1	19	22	11	15	17	21	13	22	1
OTU_958	0	3	482	0	28	195	2	0	5	1	1	1	0	81	0	225	95	39	0	1	0	125	5	0	0	0	0	0	0	0	18	0	0	2	0	0
OTU_73	0	0	492	0	64	248	0	0	3	0	0	5	0	93	0	294	75	40	0	0	0	58	0	0	0	0	0	0	0	0	18	0	0	0	0	0
OTU_162	132	67	100	43	243	60	21	61	145	3	340	20	4	15	4	178	11	3	47	25	168	53	1	127	0	32	15	4	129	7	3	6	13	7	6	2
OTU_280	9	28	53	9	44	31	13	150	142	5	17	26	0	15	1	629	93	19	43	9	4	9	3	13	8	48	10	4	54	3	26	15	20	5	0	0
OTU_41	10	100	1188	0	471	411	105	0	128	60	51	89	1	185	0	451	70	38	42	161	0	237	44	0	0	100	5	28	51	1	172	10	44	21	5	3
OTU_70	4	119	467	0	58	183	13	0	30	35	10	4	0	115	0	996	155	52	47	94	0	103	25	0	0	6	0	13	19	0	56	0	17	2	0	0
OTU_507	3	8	60	0	181	28	45	27	187	7	45	41	1	19	0	129	28	4	25	7	2	15	0	0	0	38	1	6	13	2	12	6	6	10	4	0
OTU_145	0	7	2	0	23	2	2	39	265	0	69	4	0	1	0	132	14	8	0	0	97	0	2	0	0	66	0	0	1	7	18	5	1	15	1	0
OTU_1753	8	14	91	4	144	33	51	15	47	5	7	126	7	13	1	22	3	2	50	23	0	16	8	0	2	8	5	9	22	15	2	3	16	4	2	0
OTU_110	6	46	895	1	168	291	34	10	148	20	13	41	0	157	1	368	84	52	4	47	0	129	21	0	2	10	15	2	9	1	90	1	8	5	4	9
OTU_63	0	1	283	2	188	1010	51	0	0	0	0	60	0	184	0	9	3	7	2	0	0	538	0	0	0	26	0	0	0	0	180	2	0	0	3	0
OTU_19	0	0	3	0	1	0	24	0	5	0	28	9	184	1	3	5	1	0	1	1	4485	2	1	0	0	3	0	0	3	3	0	5	0	1	0	0
OTU_566	0	16	25	0	78	5	0	0	39	3	4	12	0	3	0	79	16	2	18	57	0	1	9	0	0	2	0	4	5	0	0	0	10	0	8	0
OTU_76	31	18	47	1046	16	24	9	242	24	4	10	36	70	8	69	163	18	7	13	20	7	9	4	22	10	5	178	1	19	16	10	23	8	2	7	11
OTU_1006	2	22	152	0	68	30	5	0	28	12	2	5	0	28	0	108	33	4	13	14	0	24	5	0	0	3	0	8	12	1	9	0	7	0	2	0
OTU_128	23	149	123	0	15	57	0	0	3	80	0	7	0	20	0	15	12	4	15	107	0	25	94	1	1	0	15	7	9	0	4	0	10	0	0	2
OTU_93	63	65	104	180	589	46	55	441	866	20	223	75	56	20	40	232	44	3	144	56	38	26	9	8	11	56	20	33	86	148	10	71	41	39	13	1
OTU_133	0	8	380	0	10	112	3	0	0	6	0	3	0	47	0	35	17	5	1	8	0	57	3	0	0	0	0	0	1	0	1	0	0	0	0	1
OTU_329	92	79	219	0	180	128	406	0	13	81	2	40	0	132	0	29	11	5	57	134	0	104	32	0	0	2	8	49	39	0	0	0	25	6	14	7
OTU_215	0	10	152	0	342	50	214	0	787	0	170	40	0	23	0	700	139	42	0	11	0	35	4	0	0	253	0	1	0	15	27	16	0	133	8	0
OTU_748	23	29	19	24	312	5	21	59	100	7	26	15	1	0	4	54	4	0	42	37	5	7	7	2	0	6	14	13	41	24	1	10	24	9	8	3
OTU_526	5	1	5	5	78	5	0	3	4	4	2	4	7	1	0	9	1	0	2	1	97	5	1	0	0	11	126	0	2	2	1	5	2	0	0	4
OTU_267	21	27	41	17	461	69	32	5	175	14	32	30	8	11	2	97	18	7	150	26	4	15	6	4	0	29	44	26	53	2	6	11	24	3	16	1
OTU_47	0	58	2872	0	594	1025	51	1	11	30	5	104	0	436	0	92	46	13	6	66	0	440	28	0	0	3	0	5	12	0	39	0	14	2	3	0
OTU_79	5	74	86	0	0	17	0	0	8	31	0	1	0	14	0	803	232	53	3	48	0	13	24	0	0	3	0	9	5	0	19	0	2	3	0	0
OTU_21	118	147	313	63	974	225	322	130	272	45	27	1208	121	40	186	285	63	13	212	197	1	63	49	4	6	23	38	39	91	94	8	35	82	13	30	4
OTU_178	0	10	66	0	10	129	4	0	6	3	4	2	0	33	0	108	37	7	0	7	0	37	3	0	0	5	1	0	2	0	36	0	5	1	1	0
OTU_682	27	41	68	1	32	30	9	12	25	20	7	0	0	15	0	131	23	6	9	44	3	19	21	2	0	6	12	7	4	2	14	18	7	1	0	1
OTU_50	0	3	1074	0	93	512	21	1	7	1	2	7	0	222	0	453	121	64	0	1	0	202	1	0	0	3	0	0	0	0	38	0	0	2	0	0
OTU_4090	776	1	4	18	22	2	9	401	10	1	7	0	43	1	90	4	1	0	9	1	299	0	1	21	3	3	14	0	7	2	1	201	14	1	1	0
OTU_270	14	14	60	2	239	8	27	3	254	8	60	23	0	7	0	89	11	5	33	26	1	6	11	1	0	14	5	3	50	4	4	2	17	8	0	1
OTU_243	38	57	583	1	165	142	7	13	60	30	22	24	0	59	0	203	77	9	30	79	5	79	35	0	2	4	8	13	14	13	16	1	7	1	2	3
OTU_177	0	45	347	0	185	129	24	20	185	20	31	49	0	66	0	315	131	38	10	19	3	63	23	0	0	11	2	4	19	2	41	1	18	15	1	0
OTU_924	6	39	552	0	20	260	5	0	5	13	0	6	0	78	0	146	68	18	5	51	0	87	14	0	0	0	0	9	3	0	11	0	5	0	0	1
OTU_108	92	26	63	19	33	12	11	10	182	7	55	2	0	19	0	249	32	9	9	11	7	59	2	15	0	12	0	6	10	3	35	205	2	8	2	3
OTU_84	12	243	271	0	0	188	3	122	4	92	0	10	0	150	0	217	105	25	5	147	0	71	121	0	0	2	6	4	6	0	10	0	13	0	0	1
OTU_407	9	4	42	19	124	23	26	0	103	0	43	8	1	7	16	27	12	5	44	6	55	6	0	2	3	38	2	8	16	4	7	5	4	10	2	1
OTU_284	2	10	154	0	0	98	3	0	0	1	1	1	0	35	0	74	18	3	0	2	0	60	9	0	0	5	1	0	0	0	55	0	1	0	0	0
OTU_339	8	47	61	0	0	27	1	0	6	29	0	3	0	26	0	16	3	1	5	29	0	22	20	0	0	2	5	1	8	0	3	1	3	0	0	1
OTU_220	9	97	19	0	0	6	0	0	4	26	0	0	0	5	0	46	17	5	159	214	0	1	32	1	0	2	0	22	22	0	20	0	25	5	0	0
OTU_64	103	44	806	0	26	256	11	0	0	10	0	12	0	39	0	49	30	23	96	76	0	173	24	0	0	2	0	6	13	0	11	0	53	1	1	0
OTU_301	9	5	8	6	272	0	1	16	18	2	1	6	1	2	1	6	0	0	4	5	0	1	0	0	1	0	2	2	2	0	0	2	2	0	1	5
OTU_51	5	0	27	457	188	19	3	1294	81	1	2	6	112	2	54	10	1	0	3	3	101	1	1	4	4	0	3	1	2	39	0	31	0	0	0	1
OTU_652	0	7	90	0	18	56	1	0	32	1	5	1	0	28	0	146	47	15	0	1	0	20	2	0	0	1	1	0	1	1	19	0	3	0	0	0
OTU_556	12	13	17	1	15	11	7	21	31	7	0	46	1	4	12	7	3	1	20	17	1	6	3	2	0	3	10	4	40	5	0	2	25	2	1	0
OTU_675	0	9	18	1	4	4	0	3	9	3	0	0	0	0	0	27	2	10	6	9	1	0	25	0	0	0	0	10	15	0	0	0	20	0	0	0
OTU_65	68	71	145	6	938	80	86	11	101	30	2	69	66	22	2	117	31	10	6	69	0	35	42	1	0	7	7	4	10	2	12	1	10	4	8	2
OTU_103	49	133	960	1	295	259	75	11	188	52	16	84	4	111	1	485	115	27	106	199	2	132	36	0	3	27	24	23	42	13	30	37	41	11	7	2
OTU_191	0	8	330	42	22	152	8	5	4	6	2	2	0	63	6	67	12	11	0	5	0	87	8	0	1	6	1	0	3	10	150	2	1	0	0	0
OTU_116	68	91	1080	6	182	269	32	21	53	72	9	43	0	164	1	370	141	45	31	147	1	162	30	2	0	3	3	20	7	7	34	3	6	5	9	4
OTU_293	5	10	46	0	12	10	0	0	5	3	0	1	0	1	0	343	8	3	4	8	0	3	2	1	0	1	0	2	2	0	1	1	1	0	0	0
OTU_194	15	9	230	1	119	62	10	8	95	12	17	12	2	33	0	126	40	15	19	17	0	46	6	1	0	5	1	4	9	3	10	2	6	5	0	0
OTU_130	82	117	94	0	138	13	26	0	235	40	85	41	0	18	0	210	53	24	124	202	0	7	48	0	0	41	8	42	133	0	10	13	99	36	0	0
OTU_192	9	7	144	104	127	115	17	368	106	3	4	7	54	25	13	203	25	10	1	10	124	35	1	15	10	4	1	0	4	73	6	22	3	9	1	3
OTU_61	105	22	98	33	604	68	145	69	254	8	60	181	15	11	65	93	31	3	91	35	8	19	10	7	3	15	56	30	34	24	11	43	44	20	8	17
OTU_78	0	4	497	0	246	180	24	113	381	1	276	50	0	88	0	389	79	38	0	3	0	91	0	0	0	81	0	2	0	49	16	37	2	117	1	1
OTU_412	3	3	45	2	93	31	10	0	11	1	15	36	0	5	2	84	5	0	38	4	0	13	0	0	0	5	28	2	42	3	3	0	9	1	4	0
OTU_433	6	8	7	27	33	6	10	141	330	3	159	20	2	2	10	123	4	0	32	14	101	4	3	1	1	76	6	10	40	23	7	19	11	17	2	4
OTU_1202	12	31	140	0	67	39	9	1	28	19	5	8	0	23	0	101	45	8	20	54	0	28	9	0	0	5	2	6	17	5	4	1	7	3	2	0
OTU_790	1	4	136	0	11	57	0	0	12	7	1	0	0	29	0	78	28	9	1	12	1	17	4	0	0	0	0	0	0	1	29	0	0	1	0	0
OTU_4630	2	11	17	1	25	0	3	0	81	1	9	1	0	13	0	161	33	5	1	3	0	2	0	0	0	2	2	0	0	0	14	5	1	3	1	0
OTU_1348	5	66	0	0	0	1	0	0	0	38	0	0	0	0	0	2	0	0	4	107	0	0	44	0	0	0	0	6	4	0	0	0	4	0	0	1
OTU_543	4	15	10	3	41	32	13	15	127	1	22	37	5	11	7	37	28	0	11	2	7	8	3	0	7	15	4	10	13	2	7	81	6	2	5	1
OTU_235	1	30	274	0	451	93	43	23	197	13	33	34	0	31	1	309	71	14	19	30	6	32	10	0	0	17	1	7	18	9	14	2	13	12	5	1
OTU_502	131	334	555	1	327	222	71	0	13	325	13	43	0	124	0	221	115	21	49	503	0	94	185	4	0	1	15	45	50	13	14	0	35	7	6	35
OTU_2387	24	13	32	9	45	5	18	48	56	1	4	66	1	3	4	36	7	2	147	10	4	2	4	2	2	14	12	10	133	7	3	6	61	1	6	0
OTU_31	63	204	759	1	153	406	69	75	150	66	15	153	1	125	4	545	121	28	92	198	0	212	49	4	8	12	9	37	69	2	29	4	44	6	9	2
OTU_91	1	1	151	151	5	135	13	132	0	0	0	4	0	44	8	54	1	4	0	1	0	107	0	0	0	7	0	0	0	0	465	4	0	1	1	0
OTU_273	117	45	272	25	54	130	8	0	7	23	10	6	0	63	0	87	29	7	9	121	9	38	5	0	1	0	5	6	2	5	7	0	2	1	5	1
OTU_315	1	9	5	0	5	12	2	5	76	3	7	4	0	5	0	238	17	2	12	17	0	1	2	0	0	20	0	4	12	1	9	2	5	11	0	0
OTU_1984	2	8	68	43	28	20	1	88	12	3	1	4	21	6	5	14	7	0	1	3	31	7	1	2	3	2	3	2	5	10	2	1	1	1	0	0
OTU_2083	152	148	129	0	565	42	170	1	80	63	9	143	0	26	0	36	14	0	47	161	0	33	75	0	0	1	27	31	71	0	2	0	91	4	1	5
OTU_382	9	17	13	0	6	4	1	1	57	11	5	1	0	4	0	154	28	8	15	20	0	6	13	0	0	5	4	3	15	1	10	1	7	3	0	0
OTU_59	5	0	3	0	16	0	2	1782	86	0	14	2	7	1	1	9	4	0	6	1	46	0	1	5	5	17	6	0	1	5	1	83	0	0	0	0
OTU_484	1	2	471	0	24	268	20	2	25	3	2	25	0	73	0	73	18	4	1	11	0	81	3	0	0	1	0	0	1	0	15	0	0	1	1	0
OTU_2561	5	109	2	0	0	8	0	0	24	16	26	3	0	6	0	249	30	4	20	46	0	0	4	0	0	3	0	18	16	2	7	0	5	2	0	1
OTU_1356	1	0	0	2	3	0	0	0	5	0	3	0	0	1	0	0	0	0	7	0	0	0	0	6	0	1	5	2	8	0	0	0	12	0	0	0
OTU_105	0	3	190	0	750	93	147	0	502	5	179	311	0	24	0	435	112	53	9	5	0	32	2	0	0	78	0	9	11	22	28	7	11	66	12	0
OTU_396	41	52	23	2	32	11	4	49	27	17	5	7	9	4	0	8	2	1	13	35	9	5	21	3	1	2	23	9	15	10	4	13	5	1	1	4
OTU_560	5	3	12	19	29	4	4	10	7	1	0	16	1	1	67	2	1	0	14	5	0	2	1	0	0	1	6	1	2	1	0	0	7	1	1	0
OTU_35	31	432	28	0	0	14	76	143	395	108	85	30	0	19	0	757	90	23	67	195	0	5	84	1	0	34	10	34	117	10	13	0	58	34	0	4
OTU_219	15	19	123	36	44	39	5	127	27	8	1	10	15	11	4	76	17	5	12	9	21	11	3	64	2	0	40	4	65	10	7	2	29	1	0	3
OTU_155	42	46	144	424	209	83	29	200	50	23	14	28	392	35	42	213	49	6	16	42	78	36	18	21	355	4	37	8	39	12	16	18	14	7	5	3
OTU_120	47	25	33	0	651	1	24	0	0	13	0	12	0	2	0	0	0	0	3	32	0	1	15	0	0	0	5	1	7	0	0	0	7	0	8	2
OTU_229	19	64	126	4	60	20	1	13	70	26	13	6	0	19	0	309	88	19	20	56	3	17	17	1	0	3	5	11	12	8	14	4	9	5	1	1
OTU_316	8	4	0	0	1	7	0	12	7	1	13	1	20	0	39	18	3	0	4	6	19	0	0	253	0	5	11	0	5	0	3	2	3	0	1	0
OTU_343	1	1	68	45	45	17	2	29	14	1	1	2	1	4	0	41	11	1	1	0	2	10	1	1	0	0	1	0	0	20	6	1	0	0	0	0
OTU_689	15	18	126	35	86	26	8	35	89	6	15	21	18	31	3	113	20	3	32	27	26	12	10	2	3	10	12	5	11	15	6	2	2	1	0	0
OTU_397	2	4	193	0	20	88	2	0	0	3	0	0	0	40	0	28	7	2	0	3	0	46	2	0	0	0	0	0	1	0	7	0	0	0	0	0
OTU_119	2	43	354	0	14	113	7	0	10	35	2	4	0	94	0	121	53	16	8	56	0	91	26	0	0	0	0	2	6	0	0	0	4	1	0	1
OTU_231	0	1	77	50	21	24	5	159	21	1	1	3	7	6	2	27	7	2	0	1	21	7	0	1	2	1	0	0	2	12	2	6	1	2	0	0
OTU_307	0	7	250	11	689	65	171	0	61	2	15	130	0	45	4	165	48	2	2	7	0	62	3	0	1	7	0	1	2	0	3	0	3	11	8	0
OTU_69	39	50	257	10	749	65	17	5	89	27	25	18	0	32	0	396	139	11	68	73	0	32	17	14	0	7	7	21	38	9	27	9	19	10	4	4
OTU_75	51	76	535	8	355	119	34	18	135	47	27	138	2	59	12	355	185	30	102	153	3	57	23	0	2	11	6	26	29	16	14	7	40	15	4	4
OTU_447	0	0	34	0	0	14	0	0	5	0	0	2	0	2	0	138	29	15	0	0	0	8	0	0	0	0	0	0	0	0	8	0	0	0	0	0
OTU_36	1	0	806	0	934	237	0	0	64	0	31	605	0	39	0	20	16	12	0	0	0	0	0	0	1	0	0	0	0	0	0	0	0	21	65	0
OTU_123	28	17	980	13	471	182	8	0	78	13	10	13	0	92	0	146	93	29	39	69	0	86	7	0	0	5	4	3	11	4	11	1	10	4	0	1
OTU_90	5	112	726	0	83	132	6	0	2	34	3	9	0	96	0	323	60	10	6	132	0	104	32	0	0	2	0	4	5	2	7	0	7	1	1	0
OTU_170	58	22	39	0	35	4	19	4	152	3	26	3	8	24	0	237	47	13	7	16	7	7	1	1	0	12	1	3	11	7	25	30	0	12	0	0
OTU_480	0	0	150	0	152	53	28	0	99	0	14	22	0	20	0	239	129	30	1	0	0	10	0	0	0	10	0	0	1	0	11	0	1	9	0	0
OTU_74	2	1	4	0	51	14	5	0	31	2	16	5	2	1	1293	9	1	0	0	0	0	4	0	142	5	5	0	1	2	1	3	0	0	0	1	1
OTU_394	1	3	8	2	68	8	3	53	189	0	22	14	0	2	0	27	5	1	5	4	0	3	0	0	0	10	1	4	6	10	1	9	2	11	2	0
OTU_493	8	26	4	35	28	5	1	81	13	8	1	1	14	3	4	33	9	6	20	25	1	3	3	1	2	1	2	7	8	11	2	2	8	0	0	1
OTU_89	26	125	125	0	182	44	4	0	8	35	8	25	0	32	0	21	30	4	91	194	0	7	81	3	0	0	4	42	19	0	1	5	37	4	2	1
OTU_125	1	25	18	0	0	17	4	0	7	2	0	0	0	10	0	719	5	7	11	33	0	15	13	0	0	0	0	3	0	0	20	0	6	4	2	0
OTU_1383	30	75	204	0	91	71	12	4	36	24	5	6	1	37	0	130	43	10	25	51	0	31	17	1	0	4	5	9	14	1	31	2	8	1	2	1
OTU_181	0	0	447	0	2	161	5	0	0	0	0	9	0	112	0	100	47	13	0	1	0	84	2	0	0	2	0	3	0	0	7	0	0	1	0	0
OTU_163	8	4	13	21	315	7	56	87	234	1	44	37	6	4	0	7	3	0	1	2	6	6	0	1	1	13	5	0	3	13	2	15	3	9	4	0
OTU_368	16	27	247	0	41	62	3	1	30	11	4	8	0	22	0	193	43	19	4	25	1	29	12	4	1	2	4	0	6	0	18	0	4	0	1	2
OTU_3453	0	0	5	0	2	8	0	0	1	0	2	3	0	0	0	0	0	0	5	0	0	1	0	1	0	1	2	0	2	0	0	0	31	0	1	0
OTU_422	2	45	94	0	55	61	5	6	64	14	12	22	0	23	0	176	39	12	11	14	0	26	17	1	0	13	1	4	15	2	9	0	7	5	2	0
OTU_349	2	17	106	0	7	36	4	0	6	8	3	5	0	32	0	119	16	9	18	20	0	25	4	1	0	0	1	7	2	1	3	1	3	0	1	0
OTU_1183	0	0	1	0	0	7	0	0	4	0	1	0	0	3	0	67	30	13	0	0	0	5	0	0	0	1	0	0	0	0	3	0	0	0	0	0
OTU_117	0	6	357	0	0	166	3	0	6	3	0	3	0	37	0	116	42	19	0	1	0	67	6	0	0	0	0	0	1	0	13	0	1	2	0	0
OTU_294	2	5	166	0	30	98	4	0	29	4	5	7	0	37	0	78	13	15	6	4	0	43	2	0	0	1	0	0	8	1	14	0	0	3	1	1
OTU_310	5	4	49	0	242	6	18	0	50	3	26	38	1	6	0	0	2	0	62	11	0	3	2	1	1	2	2	9	31	3	0	2	17	2	10	0
OTU_842	2	0	0	0	44	0	4	0	94	4	10	7	0	2	1	4	0	0	16	2	0	0	2	0	1	9	1	7	17	3	0	3	5	7	4	0
OTU_406	0	4	10	0	12	182	0	0	0	2	0	2	0	0	0	28	3	0	3	0	0	1	0	0	0	0	0	0	7	0	2	0	1	0	0	0
OTU_461	14	157	386	0	276	188	61	0	7	88	3	35	0	62	0	261	103	15	39	153	0	56	118	1	0	27	44	41	71	0	28	0	96	1	5	17
OTU_590	0	32	180	3	279	75	62	0	22	9	6	70	0	39	0	59	9	8	3	25	1	74	6	0	0	11	0	7	16	0	56	0	11	6	3	0
OTU_171	11	23	182	1	55	38	7	0	13	7	3	4	0	19	0	105	41	9	8	33	0	25	2	0	0	1	1	1	7	2	3	0	1	2	1	0
OTU_190	26	34	328	6	115	88	23	21	84	23	24	9	2	51	1	309	63	21	44	77	3	56	12	0	0	8	1	16	14	2	24	14	16	5	4	4
OTU_279	0	4	436	0	38	206	2	0	0	3	0	4	0	60	0	81	22	6	0	18	0	128	4	0	0	0	0	1	1	0	20	0	0	1	0	0
OTU_160	5	1	6	93	121	4	23	157	421	2	146	96	5	1	1	20	6	1	6	0	80	3	0	11	19	30	8	8	57	13	1	11	9	21	9	0
OTU_159	9	19	380	0	39	92	10	10	23	8	3	3	1	52	0	159	63	11	9	28	0	56	0	1	0	3	5	2	1	1	18	3	4	1	0	0
OTU_224	0	10	0	0	0	1	0	0	0	2	0	0	0	0	0	337	4	1	11	15	0	0	3	0	0	0	0	0	1	0	0	0	1	0	0	0
OTU_106	12	5	32	377	513	16	44	426	266	7	75	77	8	4	13	12	3	2	128	9	24	8	2	4	5	22	4	21	58	108	0	16	33	32	12	4
OTU_24	11	8	25	3246	202	34	14	67	36	0	11	29	26	6	76	8	0	0	69	20	61	2	1	37	28	1	1	6	31	0	1	15	9	0	5	0
OTU_286	14	14	31	54	458	19	52	21	33	3	7	136	10	7	32	9	7	0	51	7	2	9	1	32	1	7	20	5	58	6	0	0	15	2	3	0
OTU_283	7	53	535	0	48	136	3	9	42	23	6	12	0	84	1	287	126	28	6	51	3	74	26	0	1	3	5	5	3	3	50	0	5	4	0	0
OTU_3950	0	126	213	0	10	71	3	0	42	40	28	1	0	46	0	1547	663	73	6	81	0	24	32	1	0	6	0	5	3	0	69	0	4	10	1	1
OTU_129	1	5	418	0	139	100	25	12	79	8	11	17	0	58	0	208	39	22	23	18	0	71	11	0	0	7	2	4	13	0	26	0	15	3	1	0
OTU_222	7	21	41	0	16	2	4	0	111	3	13	2	0	10	0	221	28	3	17	20	0	6	9	0	0	11	0	2	17	4	15	14	4	3	2	0
OTU_269	0	0	331	0	17	143	1	0	12	0	4	5	0	55	0	102	43	19	0	0	0	69	0	0	0	0	0	0	0	0	11	0	0	0	0	0
OTU_139	1	59	118	0	9	119	5	5	20	24	2	7	0	31	0	139	32	12	5	50	0	40	42	0	2	2	7	2	3	0	24	0	5	0	1	0
OTU_104	14	9	78	151	651	16	35	207	146	1	15	29	17	11	11	13	2	0	10	8	7	5	3	0	2	0	2	4	2	3	0	1	7	2	6	2
OTU_62	0	9	266	0	389	114	43	0	166	8	37	61	0	26	0	411	62	16	8	24	0	48	9	0	0	36	0	1	13	0	10	0	4	13	3	4
OTU_121	3	2	324	0	15	126	5	0	11	0	1	4	0	51	0	175	82	24	0	0	0	57	2	0	1	2	0	0	0	2	35	0	0	1	0	2
OTU_672	2	0	13	11	50	6	28	76	198	2	54	25	7	8	4	22	6	6	2	0	217	2	0	7	215	42	3	3	1	34	3	26	1	15	15	16
OTU_401	16	3	16	0	150	4	5	3	23	0	4	7	0	5	4	13	5	0	20	12	1	3	0	1	2	0	12	2	9	0	0	9	13	1	2	3
OTU_165	0	2	539	0	50	224	9	0	26	4	9	13	0	143	0	167	57	21	2	6	0	120	4	0	0	1	0	1	1	2	24	0	0	0	5	0
OTU_325	9	50	34	0	3	17	0	1	9	16	2	3	0	8	0	63	3	4	8	31	1	4	11	0	0	0	5	9	9	5	9	0	10	3	1	9
OTU_348	5	18	36	17	296	13	1	16	41	3	7	19	0	5	0	58	6	5	5	4	34	23	1	3	0	3	0	2	4	0	9	2	2	4	1	0
OTU_513	18	36	49	5	14	12	4	0	20	22	4	5	0	7	0	54	35	7	12	41	3	10	22	0	0	5	2	8	11	2	4	1	4	2	2	0
OTU_156	25	131	197	1	288	86	38	3	159	40	31	39	1	61	0	237	84	26	72	108	1	57	36	1	0	20	5	19	65	8	20	11	36	18	6	2
OTU_1062	0	2	31	65	57	7	4	51	49	2	7	10	0	5	0	3	3	0	5	2	2	2	0	0	0	3	0	0	4	29	2	3	0	3	0	0
OTU_477	0	8	32	0	0	9	0	0	10	5	1	0	0	3	0	158	16	2	1	5	0	3	6	0	0	1	1	0	3	1	5	0	0	0	0	0
OTU_1409	85	133	101	9	64	33	16	41	222	35	34	17	1	18	0	565	243	37	67	143	1	18	33	2	2	28	9	20	43	45	28	37	13	14	2	0
OTU_1397	2	0	22	0	14	10	34	0	0	0	0	3	0	15	0	17	11	2	0	3	0	11	0	0	0	0	0	0	0	0	3	0	0	0	0	0
OTU_221	5	12	93	41	17	34	4	11	11	4	0	5	7	13	7	42	14	3	3	7	3	19	4	3	1	4	0	2	5	2	13	21	0	0	0	1
OTU_341	0	1	0	0	0	0	0	0	4	0	0	0	0	0	0	321	8	44	0	0	0	0	0	0	0	1	0	0	0	0	4	0	0	0	0	0
OTU_317	5	14	47	5	188	9	41	33	132	9	18	28	0	9	2	38	4	2	21	20	1	12	4	0	2	11	14	3	13	7	0	1	10	7	1	0
OTU_80	0	8	1192	0	94	364	21	0	16	4	1	4	0	200	0	150	56	34	2	6	0	227	4	0	0	0	0	0	2	0	35	0	1	3	1	0
OTU_197	0	2	205	0	8	42	2	0	2	6	0	3	0	37	0	180	38	10	0	6	0	27	1	0	0	0	1	2	1	0	8	0	0	1	0	0
OTU_201	0	4	293	0	8	164	4	0	11	1	2	8	0	47	0	164	47	23	0	2	0	85	1	0	0	2	0	0	0	0	8	0	0	1	0	0
OTU_258	10	30	39	0	11	10	4	0	64	9	9	5	1	4	0	61	6	1	19	35	2	3	9	1	0	3	1	5	13	2	4	7	8	3	0	0
OTU_209	6	48	287	0	15	128	6	1	35	22	3	5	0	46	0	325	149	35	0	39	0	76	17	0	3	4	2	2	3	2	138	0	4	3	2	0
OTU_26	17	372	2646	0	193	1397	46	0	33	154	8	44	0	743	0	772	236	117	8	256	0	713	235	5	0	10	7	16	34	0	169	0	48	4	2	2
OTU_292	0	4	327	0	24	166	5	0	27	0	2	1	36	63	0	177	72	24	0	2	0	84	3	0	0	1	0	0	0	0	39	7	0	0	1	0
OTU_979	0	0	0	0	0	0	0	0	0	0	6	0	0	0	0	0	0	0	0	0	42	0	0	0	0	0	0	0	0	0	0	1	0	0	0	0
OTU_55	42	172	266	0	284	50	29	0	68	95	53	25	0	29	0	611	104	22	146	303	0	28	89	0	0	26	7	68	146	0	18	9	99	11	2	6
OTU_506	6	37	147	0	50	60	45	0	0	27	0	16	0	25	0	66	10	11	55	91	1	21	18	0	0	0	0	4	17	2	0	0	12	5	10	0
OTU_227	4	9	271	0	67	88	4	0	27	2	11	6	0	43	0	160	51	15	13	11	1	36	4	2	0	2	0	1	4	0	8	1	3	2	1	0
OTU_164	0	1	166	0	381	58	13	0	31	0	51	17	0	23	0	78	41	7	5	14	0	7	1	0	0	13	0	2	2	6	2	0	3	17	2	0
OTU_331	79	71	58	6	13	33	0	23	8	26	4	5	1	8	0	61	10	3	18	67	25	3	43	47	0	0	42	10	27	10	6	4	22	0	0	19
OTU_218	0	9	198	0	0	192	4	0	0	6	1	5	0	51	0	121	29	19	0	1	0	68	1	0	0	2	0	1	1	0	10	0	1	0	0	0
OTU_107	18	23	163	1	170	44	16	12	172	8	27	42	0	22	0	117	39	9	19	36	0	14	3	0	0	8	2	9	22	8	11	4	9	12	2	0
OTU_1204	3	9	49	0	5	24	2	3	29	3	2	1	0	27	0	424	31	5	0	6	0	13	0	1	0	7	0	1	1	0	11	4	0	0	0	0
OTU_428	4	14	19	2	15	5	0	0	1	14	0	0	0	2	0	16	2	0	21	43	0	2	10	0	0	0	1	9	8	0	0	0	12	0	0	0
OTU_481	7	66	0	0	0	0	0	0	0	18	0	0	0	0	0	2	0	0	0	40	0	0	26	0	0	0	3	3	0	0	0	0	6	0	0	1
OTU_849	10	2	1	0	3	0	2	0	3	3	2	1	5	2	0	4	0	1	1	5	66	0	5	2	0	2	3	4	2	1	1	0	1	0	0	1
OTU_186	5	20	487	0	15	54	1	0	6	12	1	0	0	40	0	87	36	7	10	35	0	36	11	0	0	4	1	8	7	0	12	0	9	0	1	0
OTU_378	2	4	15	35	172	4	9	93	18	0	2	4	8	0	4	3	1	0	23	1	32	1	0	0	3	1	2	1	4	0	0	1	3	0	1	1
OTU_274	2	8	146	0	15	36	1	4	22	11	2	1	0	18	0	184	94	18	2	22	2	10	4	0	0	4	1	3	0	3	14	1	2	1	0	0
OTU_72	16	7	9	10	123	9	25	143	558	4	96	29	28	4	2	44	7	2	27	3	35	6	1	7	6	126	12	20	47	40	4	24	21	15	11	3
OTU_728	3	4	4	4	39	3	1	9	18	1	5	1	0	5	0	4	0	0	23	7	0	2	0	5	0	6	4	1	29	2	0	1	20	1	1	0
OTU_2803	20	36	37	7	47	17	6	1	12	9	3	13	1	5	2	52	13	1	13	44	0	12	8	0	0	0	1	4	7	1	1	3	2	2	0	1
OTU_256	0	2	0	0	1	0	0	0	199	0	70	0	0	0	0	16	29	3	0	1	0	1	1	0	0	17	0	0	0	0	1	0	0	38	0	0
OTU_597	52	198	20	0	0	18	5	0	0	114	3	1	0	5	0	29	14	5	12	149	0	7	103	0	0	0	12	9	16	0	4	7	9	0	0	8
OTU_232	1	51	382	0	44	184	6	0	41	27	4	8	0	56	0	280	110	27	2	34	1	78	22	0	1	4	4	2	5	1	86	1	6	8	0	0
OTU_2615	0	5	15	0	269	9	45	0	16	2	5	24	0	4	0	7	1	0	52	7	0	3	1	0	1	6	2	7	16	5	1	0	5	2	6	0
OTU_2102	0	6	107	0	77	29	21	0	18	0	1	15	0	18	0	17	3	1	15	10	0	29	0	0	0	2	0	2	6	1	2	0	5	1	0	1
OTU_199	47	150	127	0	21	37	4	23	66	33	10	3	0	18	0	174	56	9	13	99	0	17	43	0	1	5	6	9	23	3	15	2	8	5	0	2
OTU_183	3	27	53	0	129	28	0	0	10	16	6	1	0	11	0	147	56	7	0	21	0	13	11	1	0	0	7	2	4	1	15	0	5	1	0	0
OTU_662	2	17	23	0	36	4	0	0	0	2	2	6	0	1	0	139	51	4	5	11	0	8	3	0	0	2	0	1	1	0	6	10	0	0	1	0
OTU_490	0	3	16	0	69	14	15	7	79	0	38	15	3	8	9	57	11	2	11	1	1	5	0	0	0	10	0	0	1	2	2	5	1	2	4	1
OTU_701	0	1	5	4	0	12	0	3	11	0	10	1	0	2	0	116	10	1	0	0	21	5	1	0	0	5	0	0	0	64	12	5	0	15	0	0
OTU_346	9	48	88	0	3	23	1	0	17	26	1	2	0	18	0	79	28	1	4	48	0	30	29	1	0	0	8	1	5	2	13	1	10	2	0	1
OTU_68	38	75	331	16	74	129	24	29	123	38	21	41	16	31	8	373	181	27	53	96	4	54	21	41	5	8	18	10	18	11	27	9	16	10	5	3
OTU_384	1	13	253	0	10	127	2	0	3	3	0	7	0	56	0	468	70	43	1	2	0	45	8	0	0	0	0	1	0	1	30	0	0	1	0	0
OTU_1946	1	17	9	0	9	4	0	0	65	18	15	1	0	1	0	46	14	1	6	66	3	1	11	0	0	6	0	4	10	2	3	0	6	6	1	0
OTU_1074	2	0	47	0	1	1	0	4	27	0	2	0	0	0	2	2	65	0	0	5	0	0	0	3	0	1	0	0	0	0	0	3	1	0	1	3
OTU_381	45	40	16	0	10	21	4	3	3	5	2	4	0	15	0	90	20	4	15	39	0	8	4	1	1	0	37	1	11	2	4	2	14	3	0	0
OTU_920	10	11	8	4	3	7	18	8	1	5	2	1	24	1	0	6	5	2	1	9	0	4	2	2	3	0	6	0	2	2	0	0	3	1	0	1
OTU_1405	7	45	175	0	2	34	0	0	1	28	2	1	0	16	0	67	6	3	5	65	0	18	20	0	0	0	0	5	8	0	6	0	9	0	0	1
OTU_1385	0	0	21	61	0	47	0	0	0	0	0	0	0	2	0	11	4	0	0	0	0	10	0	0	0	0	0	0	0	0	1	0	0	0	0	0
OTU_1704	13	33	51	7	96	25	5	35	50	12	7	14	1	9	1	41	14	2	11	47	3	6	16	2	1	3	12	4	11	3	3	5	6	1	1	0
OTU_336	11	10	18	19	65	32	10	40	48	2	10	63	1	6	60	7	0	0	31	5	1	2	0	11	0	5	1	1	31	0	0	1	15	0	1	0
OTU_571	0	0	10	0	5	14	3	0	29	0	7	1	0	5	0	8	14	0	12	0	1	3	0	0	0	4	0	0	0	0	0	15	2	0	2	0
OTU_497	1	3	11	13	153	9	10	7	39	1	6	6	0	0	0	7	2	0	13	4	2	1	1	1	0	8	3	5	8	3	0	3	4	1	1	2
OTU_4718	1	0	0	0	0	0	2	1	0	0	1	0	0	0	0	0	0	0	2	0	82	1	0	1	0	0	0	0	2	15	0	0	1	0	0	0
OTU_729	1	19	360	0	89	83	10	0	5	14	2	4	0	59	0	89	30	14	10	28	0	39	10	0	0	2	0	5	3	0	9	0	1	1	1	0
OTU_230	1	2	290	0	19	121	4	0	11	1	0	2	1	35	0	61	19	5	2	9	0	56	2	0	0	3	0	0	0	1	24	1	0	1	0	0
OTU_426	14	11	94	0	92	34	6	6	26	11	10	4	0	17	1	190	38	5	20	28	20	22	8	0	0	1	6	6	14	4	5	2	4	0	1	2
OTU_483	18	9	5	0	11	0	15	10	64	3	2	7	0	2	0	46	6	2	33	19	0	1	2	0	0	6	3	4	11	2	0	4	8	4	1	0
OTU_954	12	24	101	217	552	45	53	243	438	17	138	85	1	15	11	57	19	6	83	30	4	22	10	3	1	61	5	16	55	87	6	40	36	35	12	1
OTU_762	19	30	12	0	2	11	1	0	6	11	1	1	0	3	0	21	7	3	16	18	0	3	17	7	0	0	19	4	7	0	3	0	15	0	0	4
OTU_500	18	39	63	0	21	26	2	0	10	14	0	2	0	10	0	16	4	1	3	29	0	10	20	1	0	1	15	6	6	0	3	0	3	1	2	7
OTU_275	6	11	327	0	41	77	4	0	14	4	1	4	0	37	0	136	35	16	6	15	0	46	1	0	0	1	0	0	0	2	9	0	1	0	1	0
OTU_134	47	76	340	2	74	89	8	15	50	32	11	14	1	47	1	314	103	15	18	103	2	68	23	2	0	3	3	5	14	9	19	4	7	6	0	6
OTU_290	0	0	170	0	0	83	3	0	0	0	0	4	0	28	0	2	0	0	0	0	0	31	0	0	0	0	0	0	0	0	1	0	0	0	1	0
OTU_554	0	10	198	0	1	53	3	0	1	5	0	2	0	18	0	106	35	9	0	22	0	20	9	0	0	0	0	1	1	0	7	0	3	1	1	0
OTU_3455	15	92	132	30	10	454	20	0	4	14	0	9	0	58	0	17	1	0	1	32	0	169	34	0	0	5	2	1	2	1	167	0	9	0	0	0
OTU_249	8	38	182	0	10	40	2	0	2	10	0	5	0	28	0	91	16	11	8	27	0	34	7	0	0	0	0	9	11	0	5	0	7	0	0	0
OTU_143	26	12	95	4	148	26	37	0	67	6	14	43	0	18	6	112	33	9	28	23	433	28	3	2	0	10	10	8	18	2	9	6	8	7	5	0
OTU_811	22	18	78	2	27	18	4	0	14	4	1	7	0	12	0	47	10	3	8	41	0	19	8	0	0	3	5	2	13	0	0	1	4	2	1	4
OTU_436	0	0	330	0	22	91	1	0	9	0	1	8	0	40	0	87	46	15	0	0	0	27	0	0	0	3	0	0	0	0	20	0	0	2	0	0
OTU_244	0	0	134	0	13	58	3	0	9	0	2	6	0	20	0	49	11	13	0	1	0	19	2	0	0	0	0	0	0	0	9	0	0	0	0	0
OTU_509	0	1	96	0	79	64	24	1	19	0	14	40	0	22	0	49	20	6	0	0	0	21	1	0	0	0	0	0	0	0	3	0	0	5	0	0
OTU_67	41	144	41	12	513	26	20	27	589	60	214	25	1	15	3	498	73	21	51	112	21	18	125	9	0	34	45	37	57	31	21	3	20	19	14	13
OTU_1482	0	0	259	0	36	135	2	0	2	0	3	3	0	46	0	372	90	19	0	0	0	36	0	0	0	1	0	0	0	0	26	0	0	2	0	0
OTU_392	0	0	95	24	15	67	2	58	6	1	1	6	16	7	5	49	10	2	0	0	0	6	0	0	3	3	1	0	0	6	6	2	0	0	0	0
OTU_450	7	9	12	0	16	4	1	3	52	0	12	2	6	10	0	56	124	2	2	8	6	2	0	1	0	3	0	0	4	8	3	15	4	1	1	0
OTU_334	56	107	181	10	249	72	42	12	51	30	8	77	1	23	26	158	39	12	75	155	14	27	29	1	0	5	11	24	30	17	7	7	27	10	5	0
OTU_632	0	14	56	0	0	24	0	0	0	12	1	0	0	12	0	19	9	1	8	32	0	3	21	0	0	0	0	6	7	0	2	0	7	1	7	1
OTU_420	6	21	210	0	46	41	6	0	28	17	5	12	0	29	0	126	70	11	12	40	7	34	21	1	0	3	1	10	9	2	11	0	7	5	0	0
OTU_600	14	43	69	0	25	40	3	0	12	23	6	11	0	20	0	94	38	20	2	36	0	18	34	0	0	2	11	13	2	0	12	0	6	11	0	2
OTU_404	38	48	43	0	34	20	6	11	70	33	13	1	0	14	0	148	39	7	56	72	0	14	28	0	0	10	5	22	48	4	17	3	29	9	1	0
OTU_390	1	1	43	1	230	33	22	0	11	1	0	30	1	3	1	21	3	0	9	8	0	14	2	0	0	0	0	3	2	0	0	1	2	0	1	0
OTU_2724	0	36	324	0	506	137	105	0	238	14	72	61	0	64	0	374	23	19	18	34	0	87	15	0	0	39	1	9	19	8	20	5	15	26	11	1
OTU_257	121	75	11	0	53	19	0	14	3	31	2	5	16	6	0	145	12	4	22	86	25	15	42	1	0	0	32	18	8	138	8	0	8	3	0	14
OTU_151	3	95	201	1	15	76	2	34	28	36	3	6	0	40	0	146	77	19	7	64	0	37	50	1	0	5	3	6	11	1	15	2	5	1	0	0
OTU_3381	7	10	326	0	32	19	4	2	7	7	5	2	0	35	1	55	22	11	25	43	0	31	9	0	0	0	1	3	2	0	6	2	4	1	1	0
OTU_784	13	18	49	2	26	7	3	0	13	10	4	2	0	10	0	81	19	2	15	9	0	5	7	0	0	3	1	9	6	0	4	0	1	0	0	0
OTU_444	19	13	8	0	6	4	1	5	22	4	5	2	0	2	0	102	27	5	10	20	0	1	2	0	0	1	22	2	6	2	1	5	3	3	1	0
OTU_421	4	22	22	47	9	5	0	66	21	2	4	2	3	2	179	78	11	1	11	9	12	6	3	6	0	1	3	0	10	4	0	44	6	3	0	1
OTU_179	19	190	14	0	69	8	1	0	17	63	3	9	0	5	0	181	27	6	7	120	0	0	21	5	5	2	2	10	13	0	1	0	1	7	2	3
OTU_223	25	132	182	0	31	57	3	23	29	39	8	4	0	14	0	113	35	6	8	113	0	38	64	1	0	2	3	3	12	1	18	1	9	2	0	1
OTU_345	3	9	203	0	22	88	1	6	23	4	4	6	1	27	0	129	71	20	0	6	0	34	2	0	2	3	1	1	0	2	26	1	0	3	0	0
OTU_4117	3	45	13	0	0	12	1	0	0	23	0	1	0	8	0	26	16	1	0	44	0	12	28	0	0	0	1	1	2	0	1	0	0	0	0	0
OTU_389	14	61	0	0	0	0	0	0	13	34	0	0	0	0	0	16	14	2	27	94	0	0	16	0	0	0	0	11	16	6	0	0	17	5	0	0
OTU_246	0	1	115	0	21	28	3	0	7	2	4	2	0	9	0	105	48	10	1	2	1	12	1	0	0	3	0	1	0	0	10	0	0	2	0	0
OTU_157	6	34	610	0	65	158	16	0	15	29	3	6	0	105	0	365	77	15	15	44	0	90	11	1	1	1	4	4	10	0	42	1	6	3	2	0
OTU_1201	2	19	156	0	1	84	0	0	3	6	1	1	0	19	0	75	38	6	0	12	0	27	10	0	0	0	0	2	0	0	17	0	0	0	0	0
OTU_264	19	14	14	0	31	128	29	45	14	4	17	90	1	3	58	10	3	0	68	7	18	16	3	230	0	6	10	10	34	14	1	6	6	0	1	3
OTU_508	7	28	41	2	8	18	1	8	18	10	3	1	0	5	0	110	22	4	6	23	3	5	8	3	0	1	3	3	7	2	1	3	0	2	0	3
OTU_203	13	28	37	7	133	16	22	27	116	10	65	16	3	15	1	99	26	3	20	19	49	8	15	3	0	38	11	3	36	20	19	42	14	18	2	1
OTU_1181	0	23	23	0	33	18	0	0	0	6	1	2	0	1	0	84	34	5	0	19	0	11	14	0	0	0	1	1	1	12	2	0	2	1	0	0
OTU_330	13	11	44	0	36	12	1	7	28	4	4	4	2	5	0	102	24	2	3	20	9	4	12	2	0	1	7	2	5	3	2	1	2	4	0	3
OTU_166	2	0	17	1	7	148	0	26	23	1	1	0	1	0	0	52	0	0	1	51	12	3	1	339	0	1	5	1	41	0	1	2	0	0	0	2
OTU_1407	10	11	8	0	28	3	0	0	0	9	0	0	0	0	0	4	1	0	2	21	0	2	15	0	0	2	16	3	0	0	2	0	0	0	0	4
OTU_383	0	0	76	0	0	129	0	0	0	0	0	0	0	24	0	1	1	0	0	0	0	20	1	0	0	0	0	0	0	0	0	0	0	0	0	0
OTU_375	0	2	147	0	4	71	2	0	2	2	0	4	0	26	0	30	10	6	0	0	0	34	0	0	0	0	0	0	0	0	21	0	0	0	0	0
OTU_289	0	2	3	0	68	1	1	0	51	1	19	4	0	4	0	95	8	5	0	0	0	1	1	0	0	19	0	0	0	0	0	0	3	8	2	0
OTU_147	27	15	6	0	4	3	2	2	193	0	17	0	0	9	0	105	92	5	4	13	1	5	4	1	0	17	1	2	4	7	14	63	4	6	2	0
OTU_370	3	36	3	0	1	9	1	0	51	16	7	0	0	3	1	87	6	3	2	20	0	0	19	1	0	6	6	2	3	0	11	0	7	1	0	0
OTU_487	4	5	19	1	15	16	3	7	13	1	2	89	3	3	12	2	0	0	21	1	2	5	2	12	0	2	15	2	59	0	1	0	17	0	2	0
OTU_612	5	9	4	3	3	1	2	0	12	0	0	6	0	0	1	0	0	0	14	4	0	3	0	2	0	0	1	3	34	0	0	0	6	0	3	0
OTU_207	10	15	19	0	181	11	17	15	264	2	35	45	4	8	5	44	5	2	24	14	0	11	4	0	0	34	2	10	17	23	7	6	10	9	3	0
OTU_161	52	93	127	0	59	34	11	5	51	42	12	6	0	21	0	90	22	5	17	70	3	16	65	2	0	3	22	11	11	1	13	2	12	2	2	6
OTU_318	2	4	5	14	48	11	8	23	139	2	10	13	0	0	4	5	1	0	13	2	0	3	0	0	0	3	0	1	9	6	0	3	2	2	0	0
OTU_424	1	17	2	0	0	19	0	0	0	6	0	45	0	2	0	0	0	0	35	29	0	1	9	0	0	0	0	8	3	0	0	0	11	0	0	0
OTU_935	2	11	3	0	6	6	0	0	1	8	0	0	0	1	0	23	2	1	7	11	0	1	1	0	0	1	0	7	5	0	0	1	1	0	0	0
OTU_360	0	6	240	0	78	23	17	0	9	1	1	3	1	40	0	20	5	1	9	10	0	38	3	0	0	0	0	1	11	0	3	0	7	0	2	0
OTU_453	3	2	58	14	43	14	3	102	20	0	0	7	25	4	1	12	5	3	1	1	36	8	1	5	1	2	0	0	0	14	3	3	2	0	0	0
OTU_150	1	18	397	1	45	243	13	3	61	3	12	6	0	70	0	510	75	32	2	9	0	80	9	0	0	9	1	1	2	1	56	2	1	3	0	0
OTU_472	0	1	2	0	2	6	1	9	24	0	6	0	0	0	0	141	11	10	0	0	3	3	1	0	0	1	0	0	0	2	4	0	0	3	0	0
OTU_2373	229	145	59	2	101	139	24	41	320	32	38	39	36	7	6	242	111	8	118	137	1	11	21	22	2	23	33	12	46	47	13	24	45	27	2	1
OTU_140	5	13	234	15	84	68	11	88	58	11	8	13	5	20	1	150	31	11	0	13	7	21	8	0	0	2	1	1	5	4	12	5	4	4	1	0
OTU_137	0	0	1	16	11	0	0	565	56	0	1	0	14	2	0	23	0	0	0	0	4	1	0	0	0	0	0	0	0	13	0	1	1	1	0	0
OTU_3948	3	0	14	0	6	2	0	4	30	0	6	2	0	0	0	5	18	0	0	1	1	1	0	0	0	1	0	0	1	0	2	18	2	2	1	0
OTU_425	6	4	47	3	37	14	7	0	3	2	2	25	4	2	3	1	1	0	22	4	3	14	0	7	1	2	14	6	21	0	0	2	16	0	0	1
OTU_153	1	0	3	92	29	2	0	344	7	0	1	1	29	1	3	4	4	0	3	2	25	0	0	0	3	0	6	1	0	65	0	23	1	1	0	0
OTU_46	1	9	35	0	3	16	2	0	10	4	6	2	0	4	0	3074	26	8	2	2	0	5	0	0	0	7	0	4	2	0	3	0	0	0	0	0
OTU_990	0	2	15	0	2	8	0	0	7	1	1	0	0	2	0	20	10	3	0	1	0	2	1	0	0	1	0	0	0	0	20	0	0	0	0	0
OTU_413	19	29	66	0	21	23	3	7	14	11	0	0	0	10	0	61	28	5	4	31	0	11	16	0	0	0	6	5	4	4	3	1	0	2	0	2
OTU_594	2	49	18	0	16	7	0	4	57	8	12	2	0	2	0	354	36	9	3	16	0	1	14	2	0	1	2	2	4	1	11	2	3	2	0	0
OTU_1909	0	5	30	0	3	24	0	0	45	0	3	1	0	16	0	110	27	3	1	1	0	7	0	0	0	1	0	1	0	0	13	15	0	1	1	1
OTU_319	17	10	19	1	209	20	42	18	86	2	30	111	4	10	55	25	7	4	27	5	12	11	2	7	4	7	11	6	19	4	0	8	13	4	12	3
OTU_584	3	4	20	1	63	11	16	0	71	2	10	11	1	14	1	13	3	0	11	3	5	10	0	0	0	7	1	1	3	1	0	0	1	2	4	0
OTU_314	4	12	132	2	50	36	16	30	49	9	6	5	0	49	0	194	53	17	6	17	1	73	9	0	0	2	1	4	2	18	15	4	1	4	2	0
OTU_944	0	0	7	0	0	7	0	0	6	0	2	0	0	2	0	25	4	1	0	0	0	7	0	0	0	3	0	0	0	17	4	2	0	9	0	0
OTU_302	3	29	15	0	2	11	1	0	70	10	11	0	0	2	0	166	34	4	2	11	2	2	10	0	0	2	1	5	9	3	13	0	5	6	0	0
OTU_132	0	5	458	0	0	203	0	0	26	1	1	3	0	52	0	577	315	55	0	5	0	63	3	0	0	3	0	0	0	0	62	1	1	3	0	0
OTU_706	7	43	226	0	25	71	4	0	22	22	1	4	0	24	0	70	27	9	6	47	1	30	27	0	3	3	12	2	7	4	36	3	12	1	1	1
OTU_467	10	6	5	0	71	4	2	9	117	3	10	8	0	3	1	46	5	3	7	3	0	1	1	0	0	5	2	4	17	12	3	4	5	20	0	0
OTU_1940	16	9	7	1	38	2	0	9	143	6	27	1	0	2	1	30	1	0	33	9	4	1	3	0	0	9	2	13	20	52	2	1	4	6	2	0
OTU_2014	0	0	0	114	1	0	0	6	0	0	0	0	4	0	11	0	0	0	0	0	9	0	0	4	5	0	0	0	0	0	0	0	0	0	0	0
OTU_241	480	138	49	0	68	24	11	0	5	43	6	7	0	15	0	550	72	29	23	129	0	97	44	0	0	10	10	11	31	1	11	0	6	9	3	7
OTU_727	1	53	37	0	7	27	3	0	34	53	18	9	0	4	0	69	17	3	9	74	0	4	45	0	0	4	9	11	8	0	6	0	10	13	1	1
OTU_975	0	0	62	0	0	51	3	0	0	0	0	1	0	27	0	20	0	0	0	0	0	37	0	0	0	0	0	0	0	0	39	0	0	0	0	0
OTU_265	0	2	149	0	0	148	1	0	0	1	0	0	0	59	0	154	73	26	0	2	0	49	4	0	0	0	0	0	0	0	28	0	0	0	0	0
OTU_135	5	59	547	0	20	286	7	0	15	58	0	5	0	76	0	294	156	42	3	83	0	131	45	0	0	0	1	5	3	0	38	0	7	0	0	0
OTU_214	0	6	22	0	13	30	12	92	69	0	4	107	1	4	9	11	5	0	7	5	1	9	1	1	0	16	11	0	2	6	0	4	3	4	5	0
OTU_2939	20	26	122	0	26	35	6	26	46	17	5	5	0	12	0	120	38	9	25	34	0	28	7	1	0	3	16	10	11	6	11	0	16	5	1	0
OTU_175	14	37	42	8	242	20	7	7	30	4	11	5	0	8	0	128	24	4	6	34	3	10	6	3	2	4	1	1	12	2	13	6	2	2	3	0
OTU_236	0	1	238	0	34	128	3	0	17	1	3	9	0	35	0	104	22	5	0	2	0	31	1	0	0	2	0	0	0	0	13	0	0	0	0	0
OTU_475	5	8	23	0	46	14	21	0	28	3	4	6	0	9	1	25	2	2	6	6	0	11	2	0	0	2	0	1	1	3	0	1	1	0	1	0
OTU_173	7	31	630	0	32	211	3	6	7	16	3	9	1	89	0	238	64	14	4	32	0	82	27	1	0	1	4	2	3	0	24	0	4	1	0	0
OTU_2489	15	47	0	0	0	2	4	0	43	39	39	0	0	3	0	3	5	0	53	122	0	0	14	0	0	8	0	40	42	0	1	4	23	5	0	0
OTU_2039	0	2	204	0	266	51	11	7	113	0	12	30	0	13	0	120	11	7	1	1	0	23	1	0	0	5	0	0	1	2	9	1	0	7	0	0
OTU_442	63	61	41	2	67	17	11	18	47	8	9	20	5	13	3	60	15	4	37	58	0	10	13	2	0	6	28	10	22	5	7	17	9	1	2	1
OTU_3114	0	0	165	0	0	68	2	0	0	0	0	6	0	52	0	49	3	3	0	0	0	57	0	0	0	0	0	0	0	0	18	0	0	0	0	0
OTU_870	16	1	6	0	1	0	1	0	9	1	0	0	0	4	0	8	2	1	5	2	1	0	1	0	0	0	0	0	0	0	2	19	0	0	0	0
OTU_326	0	1	223	0	17	78	3	10	25	1	3	5	0	33	0	184	92	40	1	0	0	21	1	0	0	2	1	0	0	3	56	1	0	5	0	0
OTU_904	0	0	0	0	0	2	0	0	0	0	0	0	0	0	0	33	22	6	0	0	0	0	1	0	0	0	0	0	0	0	27	0	0	0	0	0
OTU_1671	16	7	16	2	7	8	2	13	7	4	4	0	2	0	0	75	18	4	5	9	121	2	11	4	0	0	12	2	0	7	8	1	1	0	0	4
OTU_515	11	12	145	0	30	36	5	0	64	4	9	5	0	23	0	170	73	5	10	13	7	20	6	0	0	2	0	3	6	1	8	3	3	6	2	0
OTU_836	5	10	25	0	16	13	0	0	2	6	1	2	0	2	0	53	2	2	6	12	0	4	5	1	0	0	0	7	5	0	0	0	1	0	0	1
OTU_217	7	8	2	3	169	0	5	4	264	5	42	1	0	0	0	28	6	2	6	5	2	0	4	0	0	9	2	3	8	4	0	0	7	20	0	2
OTU_127	13	77	261	0	121	76	7	2	88	36	17	15	0	46	0	184	69	15	20	65	3	26	54	0	0	0	8	6	13	1	16	1	7	5	1	0
OTU_131	8	13	0	0	12	0	2	18	372	4	19	2	0	0	0	26	0	0	40	7	6	7	3	2	0	22	13	24	101	7	0	2	40	3	1	1
OTU_211	0	2	33	0	218	2	25	0	67	0	15	19	0	1	3	1	1	0	12	0	0	5	0	0	0	8	0	2	2	2	0	3	5	1	3	0
OTU_875	0	0	61	0	2	16	1	0	2	0	0	2	0	8	0	10	3	0	0	0	0	8	0	0	0	1	0	0	0	0	18	0	0	0	0	0
OTU_3177	13	47	42	0	10	8	0	0	8	19	0	0	0	6	0	5	4	0	3	65	0	4	33	0	0	0	10	2	4	1	2	0	6	1	0	0
OTU_1051	32	29	23	19	98	12	4	18	83	5	10	13	0	3	1	70	17	5	24	46	0	8	6	0	0	4	2	5	9	12	3	1	6	8	1	0
OTU_891	41	76	96	5	176	44	42	47	101	26	16	295	43	15	93	170	43	10	54	87	1	24	18	2	0	3	21	9	32	21	10	10	24	3	2	0
OTU_86	2	76	352	0	35	137	7	0	23	30	6	11	0	59	0	342	157	46	4	40	0	79	28	0	0	2	6	2	3	0	32	0	5	3	0	1
OTU_87	0	4	465	0	71	126	9	0	36	1	5	8	0	50	0	268	31	23	0	3	0	42	4	0	0	5	0	0	0	4	14	0	3	0	1	0
OTU_251	17	38	72	0	38	17	4	8	16	14	2	6	0	10	0	67	22	2	9	34	0	7	10	0	0	5	3	4	10	2	4	0	1	3	1	1
OTU_202	0	0	286	0	10	94	4	0	0	0	0	6	0	32	0	26	7	2	0	1	0	27	1	0	0	3	0	0	0	0	49	0	1	0	0	0
OTU_1352	6	14	0	0	0	0	0	0	2	8	0	0	0	0	0	68	2	2	2	15	0	0	4	0	0	1	5	10	4	0	0	0	7	0	0	0
OTU_641	0	0	8	0	12	16	0	0	0	0	0	0	0	2	0	15	21	13	0	0	0	4	0	0	0	0	0	0	0	0	4	0	0	0	0	0
OTU_494	2	29	10	0	4	33	1	23	17	6	0	1	0	5	0	261	13	5	1	1	0	5	2	1	0	0	0	4	16	0	6	1	3	0	0	0
OTU_1021	2	1	7	0	35	7	7	11	98	1	21	12	0	0	1	15	6	0	7	3	2	5	1	0	0	3	1	1	8	6	1	3	10	1	0	0
OTU_411	0	2	14	0	22	35	0	0	0	2	2	32	0	4	0	19	6	3	10	26	0	0	2	0	0	3	0	3	3	0	0	0	4	2	0	0
OTU_136	136	98	33	0	12	9	1	0	15	29	3	1	1	6	0	98	21	7	34	89	4	7	15	7	2	1	6	22	19	6	9	134	11	1	0	3
OTU_775	2	0	2	0	15	0	1	9	163	0	78	0	0	0	0	2	1	0	16	1	36	1	0	0	0	38	0	0	11	3	0	4	0	13	3	0
OTU_1317	34	73	17	0	0	28	4	0	0	62	2	3	0	8	0	9	3	1	12	86	0	5	34	8	0	0	4	18	14	0	0	0	7	0	3	5
OTU_4174	0	1	242	0	6	65	4	0	0	0	0	4	0	34	0	79	22	8	0	0	0	37	0	0	0	0	0	0	0	0	11	0	0	1	0	0
OTU_593	4	3	6	0	33	3	6	10	52	0	18	8	0	3	0	13	1	0	8	2	1	2	0	0	0	6	2	9	6	2	1	2	2	6	1	0
OTU_462	0	1	147	0	6	62	1	0	3	0	0	2	0	26	0	61	17	4	0	0	0	52	0	0	0	1	0	0	0	0	55	0	0	0	0	0
OTU_126	2	29	431	0	90	94	8	6	51	17	11	8	0	51	0	177	50	12	14	28	0	34	15	1	0	1	0	6	16	5	16	0	5	3	1	0
OTU_168	2	7	61	32	173	26	42	34	21	3	1	113	3	7	36	9	2	3	19	13	2	9	6	0	1	4	1	4	3	9	0	4	9	4	4	0
OTU_335	1	39	59	0	1	23	3	0	8	16	2	1	0	26	0	36	20	4	8	27	0	17	22	0	0	1	1	3	1	0	6	0	6	0	0	0
OTU_1568	3	16	139	0	15	29	5	4	14	5	1	4	0	22	0	82	54	8	0	8	0	15	3	0	1	4	0	0	0	4	15	0	0	0	0	0
OTU_2855	30	91	15	1	5	7	1	3	2	30	1	0	0	1	0	23	9	2	15	69	0	1	31	0	0	3	17	11	13	0	2	1	9	3	0	3
OTU_489	2	0	0	61	19	0	1	25	2	0	0	0	24	0	9	0	0	0	0	0	2	0	0	1	0	0	0	0	0	3	0	0	0	0	0	0
OTU_154	0	0	144	0	69	94	6	0	56	1	0	19	0	35	0	130	31	26	0	0	0	37	0	0	0	8	0	0	2	2	19	0	0	5	0	0
OTU_695	7	6	98	0	29	18	2	0	0	4	0	2	0	13	0	9	2	0	16	19	0	9	1	0	0	0	2	7	0	0	1	0	2	0	1	0
OTU_827	6	0	10	4	23	4	1	0	4	1	1	7	15	3	0	26	2	1	5	4	0	3	1	1	0	0	0	1	2	0	0	0	1	2	0	0
OTU_193	3	28	327	0	6	106	7	0	3	24	0	3	0	61	0	88	24	14	1	46	0	54	39	0	0	3	3	4	2	0	14	0	2	0	0	0
OTU_657	6	64	13	0	0	13	0	0	3	27	0	2	2	4	0	80	8	1	3	51	0	0	26	0	0	0	1	2	4	0	2	0	2	0	0	1
OTU_956	3	5	35	0	4	6	3	70	34	5	21	0	0	17	0	202	18	2	2	10	0	10	6	0	0	1	1	2	6	0	0	0	0	0	6	1
OTU_328	0	0	103	0	9	54	3	0	1	0	0	4	1	26	0	33	8	4	0	1	0	24	0	0	0	0	0	0	0	0	35	1	0	0	0	0
OTU_2129	0	19	67	0	0	23	2	0	4	6	0	2	0	11	0	74	52	10	0	21	0	7	15	0	0	0	0	0	1	0	4	0	2	0	0	0
OTU_263	0	0	281	0	0	27	0	0	0	0	0	0	0	6	0	28	5	2	0	0	0	18	0	0	0	0	0	0	0	0	0	0	0	0	0	0
OTU_210	0	0	363	0	3	45	0	0	0	0	0	5	0	35	0	50	7	4	0	0	0	34	0	0	0	1	0	0	0	0	0	0	0	0	0	0
OTU_1620	0	16	42	0	9	39	5	20	173	8	17	1	0	6	0	53	4	8	12	21	0	7	2	0	0	19	3	3	13	5	5	1	9	25	2	4
OTU_452	2	23	237	0	8	47	1	13	5	4	1	3	0	37	0	120	27	7	2	8	0	30	13	0	0	0	0	1	1	2	10	0	1	0	0	0
OTU_1917	0	2	20	0	63	6	2	0	6	6	3	29	0	3	0	27	4	3	5	3	0	3	1	0	0	0	0	2	3	4	0	0	2	1	0	0
OTU_359	1	2	13	0	100	1	2	13	77	0	15	21	0	1	0	31	1	0	28	2	0	1	1	7	1	14	10	1	58	0	0	0	8	0	3	0
OTU_138	0	0	483	0	10	200	1	0	5	0	0	0	0	82	0	194	69	26	0	0	0	95	1	0	0	0	0	0	0	0	28	0	0	0	0	0
OTU_693	3	6	37	0	17	12	0	0	5	4	4	3	0	8	0	84	26	7	3	3	76	9	1	0	0	0	1	0	1	0	0	0	0	0	0	0
OTU_234	3	11	45	0	442	12	42	0	47	4	10	55	0	9	1	5	1	0	76	13	1	10	0	0	1	10	0	10	37	1	4	2	10	9	4	0
OTU_1599	28	21	4	0	0	7	0	0	0	9	0	0	0	3	0	1	2	0	1	21	0	4	10	0	0	0	12	2	2	0	1	0	3	0	0	2
OTU_298	2	0	81	34	16	13	1	110	9	0	3	8	8	2	0	16	4	0	2	0	20	8	0	0	3	0	0	0	0	9	0	5	0	0	0	0
OTU_187	4	12	78	0	51	31	4	0	29	3	1	31	0	18	0	96	50	11	6	11	0	15	2	0	0	2	1	2	4	1	4	0	1	1	1	0
OTU_276	1	0	11	129	81	6	2	7	29	2	9	8	11	1	4	15	5	4	2	2	29	0	4	1	1	3	0	0	2	1	0	1	0	2	0	0
OTU_2876	0	1	3	0	0	0	0	2	78	0	15	0	0	0	0	5	35	0	2	0	2	0	0	0	0	2	0	0	0	0	5	170	1	0	0	0
OTU_309	3	13	11	4	42	3	9	164	87	3	12	8	2	1	8	21	3	1	6	14	0	4	0	2	0	5	2	7	24	10	0	1	0	3	0	2
OTU_300	0	22	0	0	0	0	0	0	0	13	0	0	0	0	0	181	102	1	0	0	0	0	15	1	0	0	1	0	6	0	1	0	2	0	0	0
OTU_1699	0	15	10	0	0	0	0	0	12	2	0	0	0	0	0	10	0	0	6	24	0	0	3	0	0	0	0	0	0	0	0	0	0	0	4	0
OTU_109	1	4	16	195	262	8	6	254	39	1	3	16	120	6	2	29	0	0	4	2	224	23	1	1	4	4	1	3	3	26	0	12	2	1	4	0
OTU_448	0	8	238	1	22	140	1	0	2	6	1	5	0	49	0	32	21	4	0	1	0	61	6	0	0	0	0	1	0	0	13	0	1	0	0	0
OTU_2656	1	0	26	0	2	1	0	0	19	0	5	0	0	17	0	93	41	1	0	0	46	11	0	1	0	2	0	0	0	0	20	23	0	0	0	0
OTU_4440	1	2	3	0	0	3	0	0	4	1	3	0	0	2	0	4	6	5	0	7	0	3	1	0	0	1	0	2	0	1	0	53	0	1	0	0
OTU_94	4	145	139	0	28	44	4	1	0	167	0	10	0	10	0	53	66	8	9	186	0	15	84	0	0	2	3	32	27	0	3	0	32	0	0	2
OTU_541	4	14	0	0	3	0	0	0	1	20	0	0	0	0	0	0	0	0	28	64	0	3	8	0	0	0	0	7	6	0	0	0	15	0	0	0
OTU_478	3	31	10	0	22	3	3	2	36	11	5	14	0	1	0	84	3	2	10	19	0	1	2	0	0	4	0	4	14	6	3	0	3	8	0	1
OTU_380	0	2	51	0	8	15	1	0	22	0	2	0	0	6	0	92	50	6	0	0	0	4	0	0	0	0	0	1	1	1	5	0	0	1	0	0
OTU_391	0	1	16	21	80	8	8	4	32	0	14	1	4	8	0	122	9	3	0	0	11	22	0	0	0	1	0	0	0	3	12	92	0	1	1	0
OTU_295	2	8	8	0	0	9	0	0	5	3	0	0	0	3	0	200	35	9	4	8	0	2	2	0	0	3	0	1	2	3	4	0	3	5	0	1
OTU_742	44	35	110	5	48	62	3	0	9	14	6	4	15	22	0	90	34	8	3	33	59	28	22	1	0	3	20	2	3	2	15	0	4	3	0	0
OTU_623	3	4	3	0	10	9	2	1	27	3	4	2	0	1	0	33	2	3	20	8	0	3	3	0	0	2	2	3	10	2	1	0	5	6	0	0
OTU_440	10	4	27	55	11	3	2	0	13	1	3	0	0	4	0	157	25	16	2	6	0	9	1	0	0	1	1	0	1	2	7	1	1	3	0	0
OTU_438	10	52	63	0	57	5	5	0	0	21	6	1	0	6	0	11	11	0	7	66	0	3	29	0	0	1	4	9	3	1	2	0	7	0	0	1
OTU_1152	2	62	1	0	5	5	0	0	0	20	0	0	0	0	0	4	0	0	2	71	0	0	34	0	0	0	2	1	9	0	1	0	3	0	0	0
OTU_141	100	70	51	1	26	16	10	7	195	15	38	6	2	13	0	350	118	18	55	47	1	8	17	3	1	40	1	13	35	1	26	34	11	12	3	0
OTU_398	0	0	101	0	6	46	2	0	6	0	0	1	0	24	0	24	7	5	0	0	0	32	0	0	0	1	0	0	0	0	26	0	0	0	0	0
OTU_240	111	141	17	0	11	13	0	0	2	103	0	0	0	9	0	30	16	1	5	151	0	3	96	0	0	0	14	22	7	0	6	0	5	0	0	23
OTU_185	8	59	153	0	17	21	0	0	6	31	4	8	0	34	0	130	33	7	23	72	0	19	19	1	0	1	1	9	8	1	9	0	7	1	0	1
OTU_142	0	2	252	0	11	122	5	0	12	1	0	17	0	36	0	89	9	10	0	2	0	32	0	0	0	2	0	0	1	0	9	0	0	0	0	0
OTU_1804	22	11	49	34	69	6	0	18	1	2	0	13	33	2	2	14	0	1	8	19	1	4	6	6	0	0	6	4	3	1	0	3	1	2	1	1
OTU_719	0	3	14	0	0	9	1	0	17	2	0	90	0	10	0	1	0	0	6	3	0	13	2	0	0	1	3	1	3	0	0	3	3	0	1	1
OTU_1375	10	17	13	54	47	25	16	5	29	8	29	20	1	4	26	21	1	0	68	19	2	7	7	4	4	15	9	14	19	5	1	8	10	0	4	2
OTU_320	0	0	0	0	21	0	0	62	173	0	11	0	0	0	0	1	5	0	0	0	0	0	0	0	0	0	1	0	0	1	0	0	1	0	0	0
OTU_357	0	0	0	0	0	0	0	219	6	0	0	0	0	0	0	6	0	0	0	0	0	0	0	0	0	0	0	0	0	0	0	0	0	0	0	0
OTU_1702	2	0	8	5	140	7	4	4	7	1	0	0	0	1	0	47	17	2	6	1	0	3	0	0	0	2	0	2	1	0	2	1	1	1	1	0
OTU_1618	0	0	0	0	0	0	0	0	0	0	0	0	0	0	0	0	0	0	0	0	0	0	0	0	0	1	0	0	0	0	15	0	0	0	0	0
OTU_476	2	1	9	7	175	5	26	24	20	1	4	16	0	0	0	9	2	1	4	1	0	0	0	0	1	6	0	0	1	10	0	5	0	0	1	0
OTU_158	2	2	10	2	480	1	16	0	13	1	2	45	0	0	0	1	0	0	1	0	0	1	1	0	0	2	0	0	2	0	2	0	0	0	1	0
OTU_347	0	4	216	0	46	45	28	1	0	2	2	2	0	34	0	45	1	5	0	1	0	40	0	0	0	1	0	0	2	0	0	0	1	0	1	0
OTU_188	9	17	270	0	40	118	0	0	3	14	3	5	0	46	0	228	61	20	0	10	0	54	9	0	4	1	2	5	0	0	25	0	1	0	0	3
OTU_2771	0	30	5	0	6	12	4	0	85	3	4	0	0	3	0	272	35	9	0	2	0	8	4	0	0	5	1	0	2	2	8	0	2	5	0	0
OTU_174	7	15	3	1	419	0	6	3	71	2	13	10	0	0	0	145	14	5	13	32	5	0	4	2	0	11	3	3	7	12	5	6	2	12	0	1
OTU_581	31	18	54	5	130	9	12	13	84	14	16	17	1	14	0	60	17	4	53	47	0	9	13	1	0	5	3	14	23	21	2	12	10	11	4	3
OTU_1232	0	0	1	0	0	9	0	0	0	0	0	0	0	0	0	9	3	3	0	0	0	0	0	0	0	0	0	0	0	0	16	0	0	0	0	0
OTU_485	7	17	19	0	47	9	17	11	86	1	12	10	0	2	0	69	4	2	5	22	0	7	3	1	0	10	1	2	5	10	2	0	0	10	1	0
OTU_752	0	0	18	0	0	2	0	0	0	1	0	0	0	6	0	1	0	0	0	0	0	10	0	0	0	4	0	0	0	0	33	3	0	0	0	0
OTU_3747	0	11	4	0	5	6	4	5	96	3	18	0	0	1	0	29	7	2	6	8	0	7	1	0	0	10	0	3	3	1	2	0	2	2	0	0
OTU_551	0	0	1	9	11	0	1	146	14	0	1	6	3	0	4	0	0	0	1	0	2	0	0	0	0	1	0	0	0	4	0	0	0	0	1	0
OTU_291	5	6	204	0	175	51	22	0	0	1	0	16	0	32	0	40	10	5	13	12	0	16	1	0	0	0	0	1	0	8	2	0	0	1	5	0
OTU_271	4	14	120	0	12	17	4	0	0	2	1	1	0	38	0	12	2	2	11	19	0	26	6	0	2	0	0	0	5	0	5	0	15	0	3	0
OTU_88	55	54	562	4	87	261	16	3	100	13	17	102	4	87	7	313	85	18	29	79	1	96	14	1	0	12	8	12	27	7	5	7	15	8	2	2
OTU_322	8	3	18	41	58	9	6	4	148	2	30	1	1	2	0	30	7	2	23	8	13	10	2	0	0	40	4	5	9	5	6	16	7	3	3	0
OTU_393	0	1	194	0	0	52	0	0	0	0	1	3	0	26	0	39	13	3	0	0	0	29	2	0	0	0	0	0	0	0	1	0	0	1	0	0
OTU_799	0	8	16	0	2	7	2	9	19	1	4	3	0	7	0	82	29	6	5	3	2	1	4	0	0	1	0	1	4	21	3	0	2	6	1	1
OTU_306	19	34	3	0	9	1	2	1	62	21	18	1	0	3	0	168	9	1	6	41	5	10	19	1	0	3	2	14	9	0	23	14	11	5	0	2
OTU_216	0	15	147	0	56	56	8	0	72	11	14	16	0	25	0	187	49	20	7	11	0	32	4	1	1	6	0	1	13	1	27	0	3	4	0	1
OTU_1478	0	3	1	0	4	3	2	0	0	0	0	2	0	0	0	0	0	0	6	3	0	2	0	0	0	0	1	4	19	0	0	0	3	1	0	1
OTU_674	0	0	0	0	0	0	0	132	0	0	0	0	1	0	0	0	0	0	0	0	0	0	0	0	0	0	0	0	0	0	0	0	0	0	0	0
OTU_753	5	3	15	32	43	23	4	17	27	0	9	28	1	2	2	5	1	0	24	6	0	5	2	1	1	3	1	2	5	0	0	0	8	0	2	0
OTU_714	0	84	1	0	0	3	0	0	0	27	0	0	0	0	0	14	0	0	1	20	0	1	8	0	0	0	0	0	6	0	1	0	2	0	0	0
OTU_777	0	0	21	2	2	3	1	0	1	0	0	0	1	1	1	0	0	0	0	1	1	3	0	0	0	0	0	0	0	60	0	1	0	8	0	0
OTU_4481	0	37	1	0	0	0	0	0	0	7	1	0	0	0	0	5	0	0	0	24	0	0	23	0	0	0	3	0	0	0	3	0	2	0	0	0
OTU_850	3	7	3	0	0	4	0	0	12	1	0	1	0	0	0	21	2	5	14	6	1	0	3	1	0	1	0	0	16	0	1	1	1	0	0	0
OTU_427	5	10	26	0	35	5	4	42	6	3	5	4	0	7	0	37	16	2	27	18	3	7	2	10	0	1	2	4	28	2	2	0	4	1	1	1
OTU_3879	0	5	5	0	2	2	0	6	65	5	20	0	0	2	0	79	23	6	6	0	0	2	0	0	0	6	0	2	4	2	3	3	4	11	0	0
OTU_167	0	0	1	0	0	0	0	3	2	0	0	0	0	0	0	514	6	0	0	0	0	0	1	0	0	0	0	0	0	0	5	0	0	0	0	0
OTU_338	0	1	194	0	0	44	5	0	0	1	0	0	0	40	0	59	58	9	0	2	0	55	2	0	0	0	0	0	0	0	11	0	1	0	0	0
OTU_3881	0	2	9	0	1	0	0	0	30	0	1	1	0	5	0	11	14	3	0	1	0	3	0	0	1	1	0	0	0	0	5	32	0	0	1	0
OTU_196	11	20	100	26	253	22	5	21	87	8	16	26	6	11	9	148	47	13	12	22	65	19	4	1	4	3	11	2	3	13	8	5	5	4	3	1
OTU_468	0	0	14	17	21	5	1	126	8	2	3	0	2	3	1	13	5	0	2	7	10	1	5	0	0	1	0	0	5	10	1	0	1	0	0	1
OTU_212	0	0	78	0	17	0	0	0	0	0	0	0	0	2	0	301	5	13	0	0	0	0	0	0	0	0	0	0	0	0	0	0	0	0	0	0
OTU_353	19	28	30	6	3	7	1	0	1	16	0	3	53	2	0	10	7	2	15	39	0	7	10	20	0	1	12	4	11	1	3	1	17	0	0	14
OTU_333	5	1	4	4	112	1	17	1	79	2	13	14	1	1	1	3	1	0	14	5	3	0	0	5	0	2	2	4	6	14	1	4	2	3	4	1
OTU_528	0	1	8	115	14	3	1	0	5	0	4	0	0	1	0	20	1	1	1	0	0	2	1	0	0	0	0	0	1	0	1	0	0	0	0	0
OTU_354	0	0	21	2	7	161	0	0	0	0	0	5	0	29	0	148	9	3	0	0	0	31	0	0	0	0	0	0	0	0	8	1	0	0	0	0
OTU_3265	2	6	16	0	60	3	6	72	131	1	20	12	0	2	0	9	6	0	22	3	0	3	1	0	0	4	0	15	15	6	0	0	2	5	1	0
OTU_3475	5	7	211	0	23	107	13	29	30	6	5	17	0	49	0	103	42	13	5	20	0	76	5	0	0	1	0	3	3	2	25	1	1	3	2	0
OTU_1893	6	91	122	0	1	61	0	0	1	33	0	2	0	37	0	161	59	11	3	85	0	24	28	0	0	1	1	5	5	0	6	1	2	0	0	0
OTU_288	6	21	79	0	17	33	0	5	32	9	2	3	0	20	0	84	33	7	5	21	0	18	18	0	0	1	2	4	4	1	7	0	3	0	0	0
OTU_1511	0	1	1	0	21	7	14	0	28	0	13	10	0	5	0	26	5	0	3	1	1	1	0	0	0	12	0	0	1	1	13	1	0	2	6	0
OTU_423	0	0	46	0	12	0	0	0	0	0	0	0	0	0	0	2	30	1	0	1	0	0	0	0	0	0	0	0	0	0	0	0	0	1	117	0
OTU_355	0	2	127	0	24	36	7	0	24	1	7	0	0	23	0	245	69	17	1	0	0	19	0	0	0	1	0	2	1	1	8	0	0	3	0	0
OTU_305	0	0	160	0	0	39	4	0	0	0	0	3	0	26	0	1	1	1	0	0	0	38	0	0	0	0	0	0	0	0	0	0	0	0	1	0
OTU_344	15	26	24	13	140	23	5	6	84	9	8	11	0	8	0	107	13	2	20	29	1	4	5	0	1	5	3	10	14	0	3	1	6	4	0	3
OTU_2469	16	49	62	0	69	17	11	0	53	20	8	6	0	3	0	57	10	3	13	56	0	13	19	1	0	7	5	6	23	2	4	1	7	3	0	3
OTU_4428	53	7	0	0	0	0	0	0	0	4	0	0	0	0	0	0	0	0	2	6	0	0	1	0	0	0	5	1	3	0	0	0	1	0	0	0
OTU_361	96	2	4	0	15	13	5	0	6	0	13	1	0	2	0	4	1	1	53	4	0	3	2	0	0	2	3	21	11	0	0	1	49	0	1	0
OTU_949	5	15	101	1	62	24	6	0	16	14	0	11	2	10	0	18	6	2	25	36	1	9	9	0	0	1	1	9	8	0	1	0	3	1	3	0
OTU_576	1	2	39	0	61	15	22	0	5	2	9	14	1	7	0	6	1	0	8	1	5	5	1	0	0	2	0	3	12	1	0	0	4	0	5	0
OTU_833	1	1	16	51	15	11	0	6	31	1	3	8	1	2	0	3	6	0	7	1	0	5	1	0	0	0	0	1	2	0	0	8	3	1	1	0
OTU_852	6	19	16	0	61	5	26	4	25	8	5	9	2	1	0	34	7	0	38	22	0	7	7	0	0	3	1	6	16	5	1	1	12	2	0	0
OTU_374	2	48	113	0	60	58	6	0	3	30	10	16	0	13	0	89	50	9	5	28	0	20	11	0	0	1	2	4	16	13	7	12	3	6	2	3
OTU_281	1	1	0	0	0	1	1	47	156	2	7	0	0	0	0	15	0	0	0	0	6	0	0	0	0	0	1	2	0	58	0	0	0	9	0	0
OTU_2193	0	0	2	0	0	5	0	0	2	0	0	1	0	2	0	14	3	1	0	0	0	0	0	0	0	0	0	0	0	64	1	0	0	2	0	0
OTU_250	0	0	24	0	448	5	0	0	0	0	2	0	0	4	0	14	6	4	0	0	0	0	0	0	0	1	0	0	0	0	0	0	0	1	2	0
OTU_647	8	16	18	0	19	5	1	0	45	7	5	2	1	2	1	30	5	0	22	19	3	2	6	2	0	4	5	4	19	2	0	0	6	1	4	1
OTU_4483	0	4	87	0	10	22	0	7	39	0	1	2	0	8	1	210	73	7	0	4	0	2	1	0	0	2	0	0	1	2	10	0	0	2	1	0
OTU_372	1	30	2	0	5	10	5	12	60	15	17	4	1	1	0	30	7	5	4	10	5	2	7	0	0	11	2	4	12	0	5	0	11	1	0	1
OTU_495	0	2	13	0	12	2	0	0	6	0	0	1	0	2	0	151	12	5	2	3	0	1	0	0	0	0	0	1	0	1	0	0	0	0	0	0
OTU_206	0	0	11	6	257	2	5	0	70	0	13	50	0	1	0	6	2	1	0	0	2	0	0	0	0	8	0	0	0	1	0	0	0	4	2	0
OTU_710	1	13	12	0	0	0	0	0	0	19	0	0	0	0	0	35	8	0	5	3	0	0	2	0	0	0	0	2	2	0	0	0	1	0	0	0
OTU_974	9	6	0	0	0	1	0	0	0	3	0	0	0	0	0	0	0	0	7	49	0	0	11	0	0	0	0	0	6	0	0	0	2	0	0	0
OTU_1161	0	5	377	0	31	232	18	0	4	0	0	3	0	60	0	29	3	2	1	1	0	162	3	0	0	5	0	0	0	0	140	0	0	0	0	0
OTU_1987	9	3	13	83	151	1	15	193	79	2	11	9	22	7	0	41	9	2	18	8	25	3	0	3	0	9	2	1	16	34	1	10	2	2	2	0
OTU_978	17	13	21	0	25	17	2	7	22	8	4	8	0	4	11	38	19	7	18	29	0	3	17	0	0	2	5	10	8	2	5	0	8	1	0	0
OTU_323	0	1	186	0	0	44	2	0	0	0	0	3	0	36	0	13	0	2	0	0	0	54	0	0	0	12	0	0	1	0	57	0	0	0	0	0
OTU_782	0	1	7	0	0	2	0	0	0	0	2	0	0	0	0	8	4	1	0	2	73	0	0	0	0	0	2	2	0	0	0	0	0	1	0	0
OTU_626	3	3	3	0	32	16	0	0	10	0	4	7	0	0	0	7	0	0	51	0	0	0	0	2	0	0	0	0	11	0	0	0	11	0	0	0
OTU_198	0	0	12	0	248	2	21	20	108	1	7	19	0	0	0	5	4	0	0	3	0	1	0	0	0	2	0	1	2	12	0	0	3	4	3	0
OTU_587	2	19	41	0	0	12	0	0	0	16	0	0	0	4	0	52	13	4	0	6	0	5	3	0	0	0	1	2	3	0	2	0	1	1	0	0
OTU_821	0	0	0	0	4	0	1	72	3	1	3	0	0	0	0	2	0	0	0	1	2	0	1	0	0	0	0	0	2	3	0	0	1	2	0	0
OTU_387	3	7	11	0	78	3	9	45	37	0	8	3	1	0	0	37	3	2	2	2	3	6	1	0	0	1	10	1	0	8	0	0	0	1	1	0
OTU_700	4	27	11	3	35	8	2	11	30	12	5	5	0	0	0	62	10	4	4	7	4	4	5	10	0	11	14	6	30	51	4	6	4	4	0	10
OTU_740	0	0	16	0	0	4	0	0	0	0	0	0	0	4	0	28	1	0	0	0	0	11	0	0	0	0	0	0	0	0	23	0	0	0	0	0
OTU_2534	1	0	1	1	5	0	0	0	0	0	0	0	0	0	192	0	0	0	0	0	20	0	0	1	0	0	0	0	0	0	0	1	0	0	0	0
OTU_599	10	22	65	6	58	54	0	8	2	15	2	3	29	9	6	30	8	1	0	15	15	16	7	1	0	0	4	11	4	0	4	1	2	0	1	11
OTU_579	20	41	0	0	0	0	0	0	0	26	0	0	0	0	0	6	1	0	0	52	0	0	16	0	0	0	1	4	0	0	0	0	2	0	0	1
OTU_914	7	25	62	0	12	24	0	0	2	11	0	0	0	6	0	15	9	1	1	19	0	7	13	0	0	0	11	3	2	0	1	0	1	1	0	4
OTU_1398	0	0	0	0	2	0	0	0	9	0	2	0	0	0	0	0	0	0	0	0	0	0	0	0	0	0	0	0	0	14	0	0	0	1	0	0
OTU_745	0	3	4	0	0	0	0	0	0	0	0	0	0	10	0	0	0	0	0	2	0	0	0	0	0	0	66	0	0	0	0	0	28	0	0	0
OTU_3508	5	18	1	0	2	0	0	0	27	5	9	0	2	0	0	21	7	1	22	14	1	0	0	1	0	1	0	9	22	0	1	0	6	1	0	2
OTU_225	6	9	9	11	248	2	17	85	123	5	13	36	0	1	1	18	10	0	13	7	2	0	1	0	2	4	10	2	11	14	0	0	6	10	1	4
OTU_1029	0	13	2	0	0	1	0	0	0	15	0	0	0	0	0	0	0	0	1	8	0	0	10	0	0	0	0	1	11	0	0	0	3	0	0	0
OTU_514	0	0	0	1	0	0	0	123	6	0	0	0	0	0	0	0	0	0	0	0	15	0	0	0	0	0	0	0	0	6	0	1	0	0	0	0
OTU_3412	0	0	4	0	0	5	0	0	5	0	0	126	0	3	0	5	3	0	0	1	0	2	0	0	0	5	0	0	0	0	0	2	0	0	0	0
OTU_1985	9	10	4	42	26	1	0	1	10	6	2	1	0	2	0	9	1	2	8	18	0	2	4	2	0	1	8	2	1	0	0	0	3	3	1	0
OTU_1757	1	2	9	0	5	5	2	0	5	0	0	38	2	2	1	3	1	0	2	1	0	4	0	0	0	2	0	0	0	3	0	0	1	1	0	0
OTU_2594	2	1	0	0	6	1	1	82	50	0	11	2	2	0	0	15	0	0	3	3	30	1	1	3	0	3	18	2	0	16	0	10	0	1	0	0
OTU_4613	0	0	71	0	1	28	0	0	0	0	0	0	0	10	0	22	1	0	0	0	0	8	0	0	0	2	0	0	0	0	20	0	0	0	0	0
OTU_611	10	12	10	0	0	19	12	0	1	26	0	36	0	7	0	0	0	0	16	22	0	7	3	2	0	0	2	7	10	0	0	0	13	0	1	0
OTU_2563	0	2	123	0	7	26	2	0	7	1	0	4	0	18	0	34	11	6	0	2	0	28	0	0	0	2	0	1	0	0	34	0	0	0	0	0
OTU_932	2	3	9	0	9	4	6	7	114	0	2	4	0	1	0	47	8	4	2	1	0	4	2	0	1	3	0	1	5	3	5	0	3	3	1	0
OTU_446	0	19	4	0	3	0	1	0	41	10	10	3	0	4	0	104	8	2	8	13	0	0	6	1	0	6	0	6	16	1	6	0	8	0	0	0
OTU_583	6	4	0	0	0	91	0	7	13	0	1	4	0	0	0	7	0	0	18	0	0	0	0	1	0	0	0	0	2	0	0	0	2	0	0	0
OTU_1046	8	9	0	0	0	0	0	0	0	5	0	0	0	0	0	0	1	0	0	7	0	0	6	0	0	0	25	0	0	0	0	0	2	0	0	3
OTU_176	1	0	45	53	307	16	68	6	23	1	13	57	32	10	0	6	2	1	2	1	11	11	0	1	1	1	5	2	5	1	0	0	2	3	6	0
OTU_386	0	0	2	0	0	2	0	10	29	1	0	0	0	0	0	180	0	0	1	0	0	0	0	0	0	0	0	2	0	0	0	0	0	0	0	0
OTU_702	26	1	0	0	2	5	1	0	28	3	9	1	0	1	0	3	1	1	32	13	0	0	1	9	0	0	2	6	13	1	1	1	7	1	0	1
OTU_3126	53	9	10	0	0	2	0	0	0	8	0	0	0	2	0	3	1	0	0	2	0	1	3	0	0	0	0	0	0	0	0	0	0	0	0	0
OTU_410	0	0	81	0	0	90	3	0	0	0	0	2	0	22	0	5	0	0	0	0	0	41	1	0	0	0	0	0	0	0	21	0	0	0	2	0
OTU_3319	4	9	0	0	0	0	0	0	0	7	1	0	0	0	0	2	1	0	20	36	0	0	2	0	0	0	0	9	2	0	0	0	12	0	0	1
OTU_533	0	0	43	0	0	3	64	0	0	0	0	0	0	3	0	0	0	0	0	0	0	16	0	0	0	5	0	0	0	0	14	0	0	0	0	0
OTU_559	0	0	1	0	36	0	0	0	11	0	1	67	0	0	0	0	0	0	0	1	0	0	0	0	0	0	0	0	0	0	0	0	0	0	1	0
OTU_973	0	0	0	0	0	0	0	0	0	0	0	0	0	0	0	0	0	0	0	0	56	0	0	0	0	0	0	0	0	0	0	0	0	0	0	0
OTU_873	14	3	0	0	2	0	0	0	0	1	0	3	0	0	0	0	0	0	24	14	0	0	4	0	0	0	30	0	3	0	0	0	3	0	0	0
OTU_525	0	0	35	0	6	10	1	0	2	0	1	0	0	11	0	107	57	5	0	0	0	4	5	0	0	1	0	0	1	0	1	0	1	2	0	0
OTU_285	0	0	1	0	8	0	2	0	164	0	56	0	0	0	0	2	2	0	0	0	10	0	0	0	0	13	0	0	1	15	0	1	1	15	1	0
OTU_806	11	12	18	0	12	5	9	3	44	4	9	5	0	3	1	66	12	4	47	11	1	3	4	1	0	4	2	12	20	2	4	1	9	3	1	0
OTU_3989	3	5	39	2	3	26	1	56	29	2	1	1	7	8	0	36	8	4	2	3	6	2	0	9	1	0	7	2	3	12	2	3	1	2	0	0
OTU_614	23	11	0	3	3	0	0	0	0	9	0	0	1	0	0	1	1	1	5	16	0	0	12	3	0	0	10	6	3	1	0	0	13	0	0	1
OTU_299	0	0	2	4	79	0	7	0	13	0	130	18	0	2	0	1	2	0	0	0	1	0	0	0	0	15	0	0	1	0	0	0	1	4	0	0
OTU_529	0	0	0	0	32	0	0	0	0	0	1	0	0	0	0	36	0	0	0	0	0	87	0	0	0	0	0	0	1	0	0	0	1	0	0	0
OTU_400	5	4	1	0	2	8	0	0	0	1	2	84	0	0	45	1	1	0	11	1	0	2	0	0	0	0	3	3	16	0	0	0	7	0	1	0
OTU_671	4	5	21	0	21	3	24	2	32	4	3	3	0	4	0	50	2	4	8	3	0	3	0	1	0	4	0	6	4	2	1	0	1	5	0	0
OTU_869	18	2	3	3	19	2	0	0	22	5	9	1	0	0	0	9	1	0	4	9	19	0	1	2	0	5	5	2	2	0	1	1	0	1	0	3
OTU_992	5	2	9	0	11	1	7	0	56	0	19	6	0	0	0	4	1	0	26	8	3	0	0	0	0	3	4	4	6	1	0	0	3	1	0	0
OTU_1556	1	0	3	0	2	1	1	5	7	0	0	1	0	0	0	0	0	0	0	0	0	2	0	0	0	18	1	0	1	0	1	5	0	0	0	0
OTU_287	4	0	5	1	93	3	24	13	62	0	10	5	0	1	0	10	0	0	7	4	3	1	0	0	0	30	0	1	5	14	0	11	1	6	0	0
OTU_469	7	92	0	0	0	1	0	0	0	22	0	0	0	0	0	36	1	0	1	49	0	1	31	0	0	0	0	1	9	0	0	0	4	1	0	0
OTU_776	3	0	19	0	3	9	2	0	0	0	0	48	0	6	1	10	5	2	1	2	0	7	0	0	0	0	1	0	2	1	1	0	0	0	0	0
OTU_642	8	9	7	0	4	13	1	0	1	10	0	2	0	4	0	15	0	0	3	8	1	8	0	1	0	0	1	10	4	0	0	0	3	0	0	2
OTU_598	11	10	7	0	12	3	5	8	17	3	8	4	0	3	0	61	12	3	10	3	78	1	4	1	1	4	2	4	3	13	5	2	2	2	0	0
OTU_504	0	1	72	0	2	14	0	0	0	0	0	2	0	15	0	14	4	1	1	1	0	26	0	0	0	1	0	0	0	1	18	0	0	0	0	0
OTU_1512	0	1	3	0	0	0	0	0	0	0	0	0	0	0	0	0	0	0	0	0	0	0	0	0	0	1	0	0	1	0	20	0	0	0	0	0
OTU_4167	0	0	0	47	1	0	1	0	4	0	0	0	0	0	2	0	0	0	0	0	0	0	0	0	0	0	0	0	0	0	0	0	0	0	0	0
OTU_518	22	7	5	1	61	2	9	11	32	3	6	3	10	2	0	6	0	0	0	11	94	0	10	2	0	0	18	1	1	5	1	4	0	1	1	3
OTU_1109	43	0	0	0	0	0	0	0	0	0	0	0	0	0	0	0	0	0	0	0	0	0	0	0	0	0	0	0	0	0	0	0	0	0	0	0
OTU_247	0	1	2	0	0	6	0	0	12	2	5	0	0	1	0	356	33	0	1	8	0	0	1	0	0	0	0	2	1	0	2	0	4	0	0	0
OTU_1294	4	4	17	26	17	10	4	3	2	1	1	1	11	2	4	20	1	0	2	4	6	1	4	2	1	0	2	1	6	12	0	2	0	3	2	0
OTU_2271	10	50	1	0	0	1	1	0	0	11	0	0	0	2	0	4	1	1	1	48	0	0	20	1	0	0	2	6	1	0	0	0	4	0	0	0
OTU_3349	0	0	0	7	3	0	0	73	0	0	0	2	2	0	1	0	0	0	0	0	7	0	0	0	0	0	0	0	0	2	0	1	0	0	0	0
OTU_458	8	41	8	0	0	9	0	0	0	22	0	0	0	0	0	2	0	0	4	37	0	3	22	1	0	0	19	1	5	0	2	0	8	0	0	1
OTU_2168	1	17	0	0	0	1	0	0	0	5	0	0	0	0	0	0	0	0	2	13	0	0	15	0	0	0	3	4	5	0	0	0	3	0	0	1
OTU_238	0	0	159	0	42	83	4	0	10	0	0	11	0	25	0	22	3	2	0	0	0	34	0	0	0	1	0	0	0	0	2	0	0	1	3	0
OTU_996	32	21	3	0	0	4	0	0	0	9	0	0	0	0	0	18	2	1	12	29	0	2	1	0	0	0	0	13	1	0	0	0	0	0	0	1
OTU_1874	1	2	4	0	5	0	0	4	10	1	2	0	0	0	0	1	0	0	2	0	1	0	0	0	0	12	0	0	3	0	0	0	1	0	0	0
OTU_296	0	0	260	0	12	24	0	0	5	0	0	2	0	18	0	16	6	4	0	0	0	58	0	0	0	0	0	0	0	0	9	0	0	0	0	0
OTU_725	0	2	26	0	1	5	26	0	0	0	0	0	0	1	0	7	2	0	0	0	0	15	0	0	0	0	0	1	0	0	0	0	0	0	0	0
OTU_1001	0	3	2	0	15	3	0	4	27	0	5	4	0	1	0	1	0	0	7	3	0	2	0	0	0	3	9	1	17	0	0	0	4	0	2	0
OTU_473	12	11	3	0	20	3	1	5	50	3	15	0	1	0	0	17	0	1	43	11	2	3	1	0	0	3	3	5	44	1	4	1	24	2	0	0
OTU_550	3	11	2	2	108	6	25	0	56	3	5	3	2	1	0	8	0	0	24	6	0	10	2	1	0	12	2	5	22	0	1	4	0	4	3	1
OTU_1603	1	20	0	0	2	2	1	0	2	9	0	0	0	0	0	0	0	0	9	25	0	0	6	0	0	0	0	5	15	1	1	0	9	0	0	0
OTU_1596	0	0	0	0	0	0	0	6	107	0	7	0	0	0	0	17	1	0	0	0	0	0	0	0	0	36	0	0	0	0	1	7	0	8	0	0
OTU_464	59	60	26	47	32	14	0	104	14	26	4	0	2	4	1	36	4	2	15	57	2	1	36	28	1	0	41	11	21	7	6	1	16	2	0	12
OTU_4391	4	4	0	0	0	0	0	0	0	5	0	1	0	0	0	2	0	0	0	4	0	0	0	0	0	0	3	0	1	0	0	0	3	0	0	4
OTU_731	0	0	0	0	0	3	0	0	0	0	0	0	0	0	0	90	3	10	0	0	0	0	0	0	0	0	0	0	0	0	7	0	0	0	0	0
OTU_763	0	0	0	0	0	0	0	34	0	0	0	0	0	0	0	0	0	0	0	0	1	0	0	0	0	0	0	0	0	49	0	0	0	0	0	0
OTU_685	0	0	1	0	0	0	0	90	4	0	0	0	1	0	0	0	0	0	0	0	4	0	0	1	0	0	0	0	0	0	0	1	0	0	0	0
OTU_759	1	1	0	0	2	0	2	0	4	4	1	0	0	1	0	7	6	1	14	8	0	0	2	0	0	0	1	2	15	0	0	0	10	0	0	0
OTU_1416	0	0	0	0	0	0	0	0	0	0	0	0	0	0	0	0	0	0	0	0	0	0	0	0	0	2	0	0	0	0	40	0	0	0	0	0
OTU_778	2	4	4	0	12	1	4	0	21	1	5	1	1	5	0	15	4	0	4	0	0	2	1	1	0	4	0	7	5	0	0	0	2	4	1	0
OTU_676	77	12	1	0	0	0	0	0	0	14	0	0	0	2	0	31	6	0	4	39	0	1	20	0	0	0	1	5	5	0	1	0	0	1	0	6
OTU_557	2	47	15	0	6	13	0	0	8	19	1	2	0	8	0	21	3	0	2	24	0	2	28	0	0	1	5	0	8	1	1	0	5	1	0	1
OTU_876	0	0	11	0	0	6	0	0	0	0	0	1	0	1	0	0	60	0	0	0	0	3	0	0	0	0	0	0	0	0	1	0	0	0	0	0
OTU_3910	0	0	31	0	82	6	16	1	73	0	6	28	0	1	0	91	22	5	0	1	0	2	0	0	0	2	0	0	0	2	6	0	2	2	2	0
OTU_1783	2	56	2	0	1	5	0	13	0	13	0	0	0	2	0	36	23	3	4	23	0	0	18	0	0	0	0	2	4	0	3	0	1	0	0	0
OTU_2420	19	9	0	0	7	4	0	0	14	3	2	0	0	0	0	29	12	0	8	9	0	0	0	0	0	1	8	2	5	0	3	3	7	0	0	0
OTU_524	0	52	0	0	0	0	0	0	0	19	0	0	0	0	0	0	0	0	0	23	0	0	25	0	0	0	0	2	4	0	0	0	7	0	0	0
OTU_636	4	1	4	1	48	9	6	29	18	0	9	8	0	0	0	5	0	0	11	0	0	0	0	0	0	3	1	1	6	2	0	0	12	0	1	6
OTU_1332	5	4	0	0	5	7	6	0	0	3	0	0	0	4	0	1	0	0	1	3	0	4	2	0	0	12	0	0	0	0	1	0	2	0	0	0
OTU_1276	1	2	7	0	10	2	1	0	5	1	0	2	0	0	0	0	0	0	1	2	0	0	0	0	0	1	0	1	0	2	1	1	2	0	0	3
OTU_255	0	1	95	0	0	52	3	0	5	0	1	2	0	23	0	119	12	11	0	0	0	21	0	0	0	0	0	0	0	0	9	0	0	0	0	0
OTU_635	1	21	12	0	0	5	0	0	0	4	0	0	0	2	0	29	8	2	2	17	0	10	7	1	0	1	0	0	3	0	17	1	1	0	0	0
OTU_402	0	1	202	0	11	46	5	0	9	0	0	4	0	58	0	9	1	0	0	0	0	90	0	0	0	0	0	0	0	0	3	0	0	0	0	0
OTU_505	1	3	62	0	6	21	3	1	6	0	0	3	12	7	0	11	4	1	3	0	2	10	2	0	0	1	1	4	0	0	5	0	0	0	0	3
OTU_1636	2	0	97	1	28	44	2	0	1	2	1	36	0	23	0	15	0	3	2	5	0	20	1	0	0	0	1	2	2	0	0	0	2	0	1	0
OTU_456	2	68	0	0	0	0	0	0	0	22	0	0	0	0	0	2	0	0	0	36	3	0	75	0	0	0	16	3	3	0	0	0	12	0	0	6
OTU_350	0	25	94	0	27	37	3	0	0	5	0	1	0	39	0	20	14	3	3	23	0	39	18	0	0	0	2	0	5	0	5	0	3	0	2	0
OTU_1932	1	4	0	0	8	2	5	0	19	2	0	0	0	1	0	6	2	0	15	6	0	1	1	1	0	2	1	3	22	0	0	2	8	0	0	0
OTU_683	0	6	0	0	0	0	0	0	0	10	0	1	0	4	0	2	2	1	16	26	0	2	7	0	0	1	14	2	4	0	0	0	17	1	0	0
OTU_723	4	1	53	0	5	20	1	1	17	2	2	1	0	2	0	51	31	10	1	2	0	8	1	0	0	0	0	0	1	2	8	0	0	3	0	0
OTU_429	0	19	63	0	14	35	0	0	0	14	0	0	0	9	0	90	21	10	1	21	0	11	9	0	0	1	1	2	3	0	6	0	2	2	0	0
OTU_971	0	0	0	60	4	0	0	63	7	0	0	1	6	0	1	0	0	0	0	0	4	0	0	0	0	0	1	0	0	3	0	0	0	0	0	0
OTU_1645	0	0	19	3	3	3	0	5	0	0	0	0	3	3	0	6	0	0	0	0	0	4	0	0	0	1	0	0	0	22	0	0	0	6	0	0
OTU_955	0	0	0	0	0	0	2	0	0	0	0	0	0	0	0	0	3	0	0	0	0	0	0	0	0	15	0	0	1	0	0	32	1	6	0	0
OTU_482	0	0	65	0	2	22	2	0	1	0	1	2	0	13	0	8	1	1	0	0	0	17	0	0	0	0	0	0	0	0	18	0	0	0	2	0
OTU_1974	15	49	29	0	4	7	0	0	3	19	1	0	0	6	0	18	7	5	3	32	0	1	32	0	0	1	10	2	6	0	6	0	1	0	0	0
OTU_1258	2	0	0	0	0	0	0	0	0	0	0	0	0	0	0	10	0	0	0	0	0	0	0	0	0	0	0	0	0	0	1	38	0	0	0	0
OTU_1677	0	1	0	0	0	0	0	0	0	1	0	7	1	0	8	0	1	0	0	0	0	0	0	0	0	0	7	1	0	0	0	1	4	0	0	0
OTU_639	4	1	3	0	21	1	0	0	0	1	0	1	0	2	0	0	1	0	10	6	8	0	12	0	0	0	1	0	2	0	0	0	3	0	0	89
OTU_573	3	9	23	0	0	13	0	0	0	2	0	0	0	5	0	2	1	2	2	42	0	2	5	0	0	0	0	0	1	0	0	0	2	0	0	0
OTU_591	0	0	9	40	115	1	0	0	15	1	5	4	0	0	0	8	2	0	0	0	14	0	0	0	0	1	0	4	0	50	0	0	0	2	0	1
OTU_1047	0	0	11	0	0	9	0	0	2	0	1	0	0	5	0	10	2	2	0	1	0	8	0	0	0	0	0	0	0	0	52	0	0	0	0	0
OTU_646	0	0	3	1	15	1	18	2	8	1	10	9	0	0	0	3	0	0	1	0	0	0	0	0	5	1	0	0	4	0	0	0	0	0	29	0
OTU_930	0	3	6	0	8	2	0	0	0	1	13	0	0	4	0	29	39	1	4	3	0	7	0	0	0	0	0	2	4	0	0	0	2	0	0	0
OTU_454	0	0	1	0	4	4	3	21	54	0	1	72	0	0	1	1	4	0	0	0	0	1	0	0	0	0	0	0	0	0	0	0	0	0	0	0
OTU_984	0	0	0	0	0	0	0	0	0	0	0	0	0	0	0	10	0	0	0	0	31	0	0	0	0	0	0	0	0	0	0	1	0	0	0	0
OTU_634	8	3	0	0	3	10	1	0	0	1	1	0	2	0	0	2	0	0	2	1	62	0	0	1	0	0	10	0	2	0	0	0	0	0	0	0
OTU_666	6	5	4	0	13	3	1	1	4	3	2	3	0	1	2	41	5	0	9	11	0	0	5	0	0	1	1	8	4	0	0	0	4	0	0	0
OTU_680	11	4	7	5	20	2	1	0	0	3	0	0	3	1	0	1	0	0	3	8	1	1	3	2	0	0	9	1	2	0	0	0	0	0	0	0
OTU_4435	0	25	3	0	0	2	0	0	0	17	0	0	0	1	0	0	0	0	3	13	0	0	15	0	0	0	0	2	2	0	0	0	2	0	0	0
OTU_1269	0	2	0	0	0	5	0	0	0	0	0	0	0	4	0	1	0	0	0	2	0	3	1	0	0	1	0	0	0	0	20	0	0	0	0	0
OTU_2743	8	1	0	0	0	0	0	0	0	4	0	0	0	0	0	0	0	0	2	1	0	1	2	3	0	0	9	0	2	0	0	0	3	0	0	1
OTU_1632	0	0	0	2	0	0	0	0	0	0	0	0	15	0	1	0	0	0	0	0	1	0	0	0	0	0	0	0	0	0	0	0	0	0	0	0
OTU_3999	0	2	3	0	0	2	0	0	0	0	0	0	0	0	0	1	0	0	0	1	0	2	0	0	0	0	0	0	0	0	18	0	0	0	0	0
OTU_1088	0	2	0	0	2	0	0	3	12	2	4	2	0	0	0	4	1	0	1	1	0	0	0	0	0	0	1	0	0	22	0	0	1	2	0	0
OTU_1078	27	1	1	0	1	1	0	0	2	2	1	0	0	0	1	2	0	0	1	8	0	0	2	0	0	0	3	6	0	0	0	0	1	0	2	1
OTU_522	0	0	0	0	0	0	0	137	1	0	1	0	0	0	0	0	0	0	0	0	13	0	0	0	0	0	0	0	0	1	0	1	0	0	0	0
OTU_699	0	0	0	0	0	0	0	0	56	0	2	0	0	0	0	2	0	1	5	0	0	0	0	0	0	0	0	1	0	3	0	0	1	9	0	0
OTU_1106	1	0	6	0	0	3	1	0	1	0	0	0	0	0	0	9	5	0	0	1	0	1	1	0	0	1	0	0	0	0	6	26	0	0	0	0
OTU_371	0	2	3	0	0	6	0	0	0	4	0	0	0	0	0	106	28	50	0	1	0	0	1	0	0	0	0	0	0	0	5	0	3	1	0	0
OTU_1937	0	0	11	0	0	8	0	0	0	0	0	0	0	9	0	0	0	13	0	1	0	8	0	0	0	0	0	0	0	0	5	0	0	0	0	0
OTU_658	1	0	0	1	0	0	0	5	4	0	4	1	1	0	0	4	1	0	0	3	91	0	4	0	0	0	0	1	0	0	0	0	0	0	0	0
OTU_2157	2	2	0	0	0	0	0	0	0	0	0	0	0	0	0	0	0	0	0	0	0	0	1	0	0	0	9	1	0	0	0	0	0	0	0	0
OTU_3960	3	2	15	0	0	2	1	0	0	4	0	0	0	0	0	0	2	0	1	8	2	1	3	1	0	0	5	0	0	0	0	0	0	0	0	8
OTU_585	4	2	17	8	4	2	0	0	0	1	1	8	21	2	18	4	0	0	0	5	1	1	0	0	0	0	1	1	6	0	1	1	0	0	0	0
OTU_1250	13	8	11	0	3	4	0	0	1	3	0	0	1	3	0	4	1	0	3	10	0	0	4	3	0	1	1	1	8	0	0	1	2	0	0	3
OTU_1374	2	0	0	0	0	1	1	0	0	0	0	0	29	0	0	0	0	0	0	0	0	0	0	0	0	0	0	0	0	0	0	0	0	0	0	0
OTU_1703	0	0	0	0	0	0	0	0	0	0	0	0	0	0	0	1	0	0	0	0	3	0	0	0	0	0	0	0	0	17	0	0	1	3	0	0
OTU_916	0	0	0	0	0	0	0	0	6	0	40	0	0	0	0	3	1	0	0	0	4	0	0	0	0	5	0	0	0	0	1	1	0	0	0	0
OTU_4225	21	21	0	0	0	0	0	0	0	8	0	0	0	0	0	0	0	0	3	14	0	0	13	2	0	0	10	0	7	0	0	0	3	0	0	0
OTU_1901	1	3	1	0	0	0	0	0	0	4	0	0	0	0	0	0	0	0	0	3	0	0	3	0	0	0	8	1	0	0	0	0	4	0	0	0
OTU_1679	3	8	0	0	0	3	0	0	0	0	0	3	0	0	0	0	0	0	2	4	0	1	3	0	0	0	8	0	1	0	0	0	1	0	0	0
OTU_1292	1	4	0	0	0	0	0	0	2	0	3	0	1	1	0	0	0	0	2	3	1	1	2	0	0	0	1	0	2	0	1	0	14	0	0	0
OTU_1485	0	0	1	0	0	0	0	0	5	0	0	3	0	1	0	0	0	0	0	0	0	0	0	2	0	0	11	0	3	0	0	0	0	0	1	0
OTU_1616	8	0	1	0	0	0	0	0	0	0	0	0	0	0	0	0	0	0	0	0	0	0	0	0	0	0	12	0	0	0	0	0	2	0	0	0
OTU_1623	0	0	0	0	0	0	0	0	0	0	0	0	18	0	0	0	0	0	0	0	0	0	0	0	0	0	0	0	0	0	0	0	0	0	0	0
