L0006.SH.SD.Soil.ITS.Om.2	L0006.SH.GE.Soil.ITS.Om.2	L0006.SH.SD.Endo.ITS.Om.1	L0006.SH.GE.Soil.ITS.Om.1	L0006.SH.SD.Epi.ITS.Om.3	L0006.SH.SD.Soil.ITS.Om.3	L0006.SH.SD.Epi.ITS.Om.2	L0006.SH.GE.Soil.ITS.Om.3	L0006.SH.GE.Endo.ITS.Om.4	L0006.SH.SD.Epi.ITS.Om.1	L0006.SH.CAS9.Root.ITS.Om.3	L0006.SH.GE.Epi.ITS.Om.2	L0006.SH.CAS9.Soil.ITS.Om.3	L0006.SH.GE.Epi.ITS.Om.3	L0006.SH.GE.Endo.ITS.Om.3	L0006.SH.SD.Endo.ITS.Om.2	L0006.SH.PU.Soil.ITS.Om.3	L0006.SH.PU.Endo.ITS.Om.3	L0006.SH.SD.Endo.ITS.Om.3	L0006.SH.SD.Endo.ITS.Om.4	L0006.SH.CAS9.Root.ITS.Om.1	L0006.SH.PU.Epi.ITS.Om.3	L0006.SH.GE.Epi.ITS.Om.4	L0006.SH.CAS8.Root.ITS.Om.2	L0006.SH.GE.Soil.ITS.Om.4	L0006.SH.SD.Soil.ITS.Om.1	L0006.SH.SD.Soil.ITS.Om.4	L0006.SH.CAS9.Root.ITS.Om.2	L0006.SH.SD.Epi.ITS.Om.4	L0006.SH.CAS9.Soil.ITS.Om.1	L0006.SH.PU.Soil.ITS.Om.2	L0006.SH.GE.Endo.ITS.Om.2	L0006.SH.CAS9.Soil.ITS.Om.2	L0006.SH.PU.Epi.ITS.Om.4	L0006.SH.PU.Endo.ITS.Om.4	L0006.SH.PU.Soil.ITS.Om.1	L0006.SH.CAS8.Root.ITS.Om.3	L0006.SH.PU.Epi.ITS.Om.2	L0006.SH.CAS8.Root.ITS.Om.1	L0006.SH.PU.Soil.ITS.Om.4	L0006.SH.CAS8.Soil.ITS.Om.3	L0006.SH.GE.Endo.ITS.Om.1	L0006.SH.CAS8.Soil.ITS.Om.1	L0006.SH.GE.Epi.ITS.Om.1	L0006.SH.PU.Epi.ITS.Om.1	L0006.SH.CAS8.Soil.ITS.Om.2	L0006.SH.PU.Endo.ITS.Om.2	L0006.SH.PU.Endo.ITS.Om.1
OTU_14	11256	0	0	1	0	0	0	0	0	0	0	0	0	0	0	0	1	0	0	0	0	0	0	0	0	0	0	0	0	0	0	0	0	0	0	0	0	0	0	0	0	0	0	0	0	0	0	0
OTU_19	119	1607	0	163	58	0	0	1469	0	78	0	0	55	4	0	0	1089	0	0	0	0	0	0	0	707	28	17	52	0	279	410	2	0	324	0	484	0	0	0	333	57	0	72	211	0	35	0	0
OTU_34	0	0	1097	0	0	2	0	0	0	0	0	0	0	0	0	18	0	0	0	0	1	0	0	0	0	2602	0	0	0	0	0	0	0	0	0	0	0	0	0	0	0	0	0	0	0	0	0	0
OTU_40	0	0	0	2100	0	0	0	0	0	0	0	0	0	0	0	0	0	0	0	0	0	0	0	0	0	0	0	0	0	0	0	0	0	0	0	0	0	0	0	0	0	0	0	0	0	0	0	0
OTU_12	9708	5	706	14	495	2525	840	682	0	1950	4	0	0	0	0	28	15	0	2595	1464	1	0	6	1	86	8723	16606	0	2216	18	2842	0	0	1	0	1	5	0	0	2	1	0	1	37	27	0	7	0
OTU_11	4	0	1454	0	16544	2	18	0	0	1	0	0	0	0	0	7434	0	0	0	2067	0	0	0	0	0	0	524	0	2	0	0	0	0	0	0	0	1	33	0	0	0	0	0	0	0	0	0	0
OTU_20	1274	0	0	0	632	1308	37	0	0	44	0	0	0	0	0	0	0	0	0	0	0	0	0	0	0	570	2489	0	465	0	0	0	0	0	0	0	0	0	0	0	0	0	0	0	0	0	0	0
OTU_93	78	0	0	54	2	48	16	14	0	0	0	0	0	0	0	0	5	0	7	0	0	0	9	0	33	1	40	0	0	32	4	0	27	0	0	0	0	0	0	9	0	0	28	0	0	0	0	0
OTU_6	16108	973	3055	1212	270	4096	1206	1624	0	3057	0	0	47	10	0	56	4687	1	1075	2614	1	97	464	0	734	12267	16540	0	2731	77	4040	0	55	23	0	386	0	71	0	681	0	0	0	15	34	0	1	0
OTU_62	85	3	0	1944	10	1	30	1552	0	35	42375	0	0	255	298	220	1	0	0	1	46138	0	0	24442	0	3	0	21260	2	1	0	0	0	0	0	0	3514	0	14076	0	0	0	8	1	0	0	0	1
OTU_57	0	0	0	0	0	0	0	0	247	0	0	257	0	0	0	0	0	0	0	0	0	0	33	0	209	0	0	0	0	0	0	111	0	0	0	0	0	0	0	0	0	0	0	0	0	0	0	0
OTU_50	0	1306	0	1046	0	37	0	194	0	0	0	31	304	0	0	0	473	0	0	0	0	0	283	0	688	0	18	0	0	20	50	0	54	0	0	14	0	0	0	159	0	0	0	35	0	0	0	0
OTU_23	1447	0	0	0	17	1477	172	0	0	947	0	0	0	1	0	19	0	0	0	0	0	0	0	0	0	321	1321	0	110	0	0	0	0	0	0	0	0	0	0	0	0	0	0	0	0	0	0	0
OTU_5	7	4	6	6	4	1	0	16	14	0	6315	0	85	1	26	7	257	318	11	9	14899	345	805	13299	24	8	6	23961	0	0	0	16	70	5108	1555	432	2850	8	3561	2527	0	19	372	0	336	61	0	0
OTU_13	0	3	24	0	0	1	15000	0	0	0	0	0	0	0	0	1	1	0	0	2	0	0	0	0	0	1	0	0	0	34	0	0	0	0	0	0	0	0	0	0	0	0	66	0	0	0	0	0
OTU_7	1	2309	0	373	0	0	0	1714	1836	0	0	7519	0	1073	2887	0	146	974	0	0	52	118	8228	0	4099	0	0	0	0	0	8	7534	24	0	0	205	0	0	1	220	0	935	0	1	0	0	0	0
OTU_100	0	0	0	0	0	0	0	0	0	0	0	0	154	0	0	0	1	0	0	0	0	0	0	0	0	0	0	0	0	0	0	0	0	0	0	0	0	0	0	0	0	0	0	0	0	0	0	0
OTU_15	6	1	0	0	0	0	0	29	0	13841	0	23	0	0	0	11	0	0	2961	0	0	0	1	0	265	0	0	0	0	1	0	0	0	0	0	0	0	0	0	0	0	0	0	0	0	0	0	0
OTU_3	0	126	0	2493	1	0	2	2403	152	0	1	633	0	32058	23948	4	1768	0	1	1	1	0	6089	0	2109	18	0	0	0	0	27	3	0	1	0	78	0	0	1	12	1	34	0	6849	0	0	110	0
OTU_8	4046	19	677	23	1167	5322	794	0	0	2462	0	0	0	1	0	54	2474	3074	777	0	0	2942	0	0	24	1756	662	0	275	0	117	0	0	0	0	0	0	0	0	0	0	0	0	0	11	0	0	0
OTU_67	0	0	0	0	1	0	0	0	0	1	0	0	0	0	0	4453	0	0	92	17	0	0	0	0	0	0	0	0	0	0	0	0	0	0	0	0	0	1	0	0	0	0	0	0	0	0	1	0
OTU_29	0	0	0	0	0	0	0	0	1	0	0	0	0	0	0	1137	1	0	1	15376	0	0	0	0	0	0	0	1	0	0	0	0	0	0	0	0	0	0	0	1	0	0	0	0	0	0	0	0
OTU_9	15824	0	329	0	1572	1417	4699	1385	0	3632	0	22	0	2229	296	1161	0	0	40	289	0	0	26	0	1	4130	388	4	113	1	0	0	0	0	0	0	0	0	2	0	1	0	0	0	0	35	0	0
OTU_41	2786	0	0	0	0	0	0	0	0	0	0	0	0	0	0	0	0	0	0	0	0	0	0	0	0	0	0	0	0	0	0	0	0	0	0	0	0	0	0	0	0	0	0	0	0	0	0	0
OTU_2	0	12561	0	3917	3	0	0	3057	345	0	0	3175	0	43980	2558	0	20455	10	0	0	0	2565	2016	1	1464	1	1	0	0	0	2895	7	1	657	46	2598	0	749	6	3663	0	1	18	2816	0	0	0	0
OTU_4	8	61	7	8	1	8	0	3	675	1	5034	351	123	23	6	15	377	699	26	92	6888	270	6274	779	325	4	3	17385	0	0	25	20	0	6368	1004	3133	802	62	4551	1233	0	12	213	45	2658	0	0	363
OTU_35	275	25	0	414	0	5	0	125	0	0	0	0	216	0	0	0	464	0	0	0	0	0	0	0	182	40	24	0	0	304	43	0	234	0	0	0	0	0	0	2	0	0	177	0	0	0	0	0
OTU_17	0	0	0	0	0	0	0	0	0	0	0	8149	0	0	0	0	1	0	0	0	0	0	0	0	0	0	0	0	0	0	0	0	0	0	0	0	0	0	0	0	0	0	0	0	0	0	0	0
OTU_157	0	0	0	0	0	0	0	0	0	5	0	0	0	0	13	0	0	0	7970	0	0	0	0	0	0	0	0	0	0	0	0	0	0	0	0	0	0	0	0	0	0	0	0	0	0	0	0	0
OTU_1	3667	19543	0	20702	0	1150	0	8756	120	28	0	8360	788	3209	427	0	34791	2	0	0	61	1243	2176	0	14276	903	3112	36	25	1666	5850	0	482	2338	2	7746	1	463	0	14141	309	0	100	2280	64	530	1	0
OTU_10	0	0	0	1174	0	1	0	437	0	0	149	0	1463	0	0	0	798	0	0	0	700	0	0	250	806	0	0	54	0	1475	0	0	1360	0	0	193	2998	0	0	53	177	0	1769	0	0	1300	193	0
OTU_18	1461	824	344	1126	18	639	133	3552	0	190	0	0	0	0	0	23	5916	0	12	142	0	87	650	0	514	1836	1782	0	247	123	2403	0	99	390	0	78	0	20	0	644	0	0	0	9	19	0	11	0
OTU_66	120	0	6984	0	0	3	9	0	0	0	0	0	0	0	0	0	0	0	0	0	0	0	0	0	0	0	0	0	0	0	0	0	0	0	0	0	0	0	0	0	0	0	0	0	0	0	0	0
OTU_24	0	724	0	476	0	0	0	722	5511	0	0	3290	0	427	1982	0	273	0	0	0	0	0	2150	0	344	0	0	0	0	0	4	3463	0	0	0	0	0	0	0	9	0	459	0	190	0	0	0	0
OTU_27	0	0	0	0	54	0	0	0	0	0	0	0	0	0	0	0	9364	0	0	201	0	0	0	0	0	0	0	0	0	0	0	0	0	0	0	0	0	0	0	0	0	0	0	0	0	0	0	0
OTU_88	103	0	8	0	0	58	0	0	0	0	0	0	0	0	0	0	0	0	0	0	0	0	0	0	0	12	154	0	52	0	0	0	0	0	0	0	0	0	0	0	0	0	0	0	0	0	0	0
OTU_69	16	0	0	0	0	11	0	0	0	278	0	0	0	0	0	0	0	0	0	34	0	0	0	0	0	99	37	0	0	0	0	0	0	0	0	0	0	0	8	0	0	0	0	0	0	0	0	0
OTU_22	0	7125	0	0	0	0	0	0	0	0	0	0	0	0	0	0	0	0	0	2	0	0	0	0	0	0	0	0	0	0	0	0	0	0	0	0	0	0	0	0	0	0	0	0	0	0	0	0
OTU_215	670	0	209	0	8	237	81	3	0	95	0	0	0	0	0	7	3	0	11	97	0	0	0	0	0	751	803	0	189	0	1	0	0	0	0	0	0	0	0	0	0	0	0	6	0	0	17	0
OTU_123	0	0	0	0	993	0	0	0	0	0	0	0	0	0	0	0	0	0	0	0	0	0	0	0	0	0	0	0	0	0	0	0	0	0	0	0	0	0	0	0	0	0	0	0	0	0	0	0
OTU_32	1618	0	16	0	0	1960	0	0	0	0	0	742	0	0	0	0	0	0	0	0	0	0	0	0	0	1	1	0	4550	0	0	0	0	0	0	0	0	0	0	0	0	0	0	0	0	0	0	0
OTU_214	813	0	27	0	35	249	7	0	0	179	0	0	0	0	0	15	0	0	4	205	0	0	1	0	0	390	1105	0	134	0	6	0	0	0	0	0	1	0	0	1	0	0	0	0	0	0	0	0
OTU_83	0	0	0	0	0	0	0	0	0	0	0	0	0	0	0	0	0	0	0	0	0	0	0	0	0	0	0	0	0	282	0	0	0	0	0	0	0	0	0	0	0	0	0	0	0	0	0	0
OTU_28	714	73	0	815	85	164	0	62	0	16	0	0	0	17	1	0	10609	0	4	0	1	306	852	0	1620	79	90	0	11	104	274	0	55	0	0	109	0	0	0	0	70	0	0	0	0	0	0	0
OTU_343	0	0	0	0	0	0	0	0	0	1	0	0	0	0	0	0	1	0	0	0	0	0	0	0	0	0	0	0	0	0	0	0	0	0	0	0	0	0	0	0	0	0	0	0	0	0	1	0
OTU_148	7	0	0	0	0	110	0	0	0	0	0	0	0	0	0	0	0	0	0	0	0	0	0	0	0	34	0	0	0	0	0	0	0	0	0	0	0	0	0	0	0	0	0	0	0	0	0	0
OTU_43	1690	0	0	0	0	0	0	0	0	0	0	0	0	0	0	0	0	0	0	0	0	0	0	0	0	0	0	0	0	0	0	0	0	0	0	0	0	0	0	0	0	0	0	0	0	0	0	0
OTU_243	1	66	0	3	0	0	0	36	0	0	0	0	0	0	0	0	0	0	0	0	634	0	0	0	33	0	0	0	0	0	0	0	0	0	0	0	0	0	0	0	0	0	0	0	0	0	0	0
OTU_47	108	0	443	0	39	129	0	0	0	318	0	0	0	0	0	0	0	0	4	465	0	0	0	0	0	88	13	0	16	0	0	0	0	0	0	0	0	0	0	0	0	0	0	0	0	0	0	0
OTU_121	1	0	0	0	0	0	0	0	0	0	0	0	0	0	0	0	0	0	0	0	0	0	0	0	0	0	0	0	209	0	0	0	0	0	0	0	0	0	0	0	0	0	0	0	0	0	0	0
OTU_33	0	139	0	299	0	0	0	180	0	0	0	780	0	13	0	0	0	0	0	0	0	0	25	0	5	0	0	0	0	0	545	0	0	0	0	392	0	0	0	305	0	0	0	0	0	0	0	0
OTU_85	0	0	0	0	30	15	0	0	0	41	0	0	0	0	0	0	0	0	0	35	0	0	0	0	0	24	85	0	11	0	0	0	0	0	0	0	0	0	0	0	0	0	0	0	0	0	0	0
OTU_97	0	1	0	0	0	0	0	0	0	0	61	6	0	0	0	0	0	12	0	0	64	0	28	9	1	0	0	317	0	0	0	0	0	118	11	34	12	0	44	41	0	0	13	24	20	0	0	48
OTU_102	0	0	0	0	0	0	0	0	0	0	0	0	0	0	0	0	0	0	0	0	0	0	0	0	0	1	63	0	96	0	0	0	0	0	0	0	0	0	0	0	0	0	0	0	0	0	0	0
OTU_49	0	0	0	0	0	4	0	0	0	0	0	0	0	0	0	0	1418	0	0	0	0	0	0	0	0	0	0	0	0	0	0	0	0	10	0	157	0	0	0	297	0	0	0	0	0	0	0	0
OTU_140	0	0	0	0	0	291	0	0	0	0	0	0	0	0	0	0	0	0	0	0	0	0	0	0	0	70	11	0	0	0	0	0	0	0	0	0	0	0	0	0	0	0	0	0	0	0	0	0
OTU_39	0	0	0	0	0	1914	0	0	0	0	0	0	0	0	0	0	0	0	0	0	0	0	0	0	0	1	0	0	0	0	0	0	0	0	0	0	0	0	0	0	0	0	0	0	0	0	0	0
OTU_91	221	0	0	0	0	0	0	0	0	0	0	0	0	0	0	0	0	0	0	0	0	0	0	0	0	0	0	0	0	0	0	0	0	0	0	0	0	0	0	0	0	0	0	0	0	0	0	0
OTU_311	0	32	0	1	0	0	0	1	49	0	0	107	0	0	2	0	0	0	0	0	0	0	298	0	139	0	0	0	0	0	0	273	0	0	0	0	0	0	0	0	0	3	0	0	0	0	0	0
OTU_53	0	0	0	0	0	0	0	0	0	0	0	0	0	0	0	0	0	0	0	0	0	0	0	0	0	0	0	0	0	0	0	0	0	0	0	0	0	0	0	1390	0	0	0	0	0	0	0	0
OTU_112	17	39	0	74	0	22	0	95	0	0	0	0	0	22	0	110	0	0	0	0	0	0	0	0	5	0	0	0	0	0	52	0	11	0	0	9	0	0	0	0	0	0	0	0	0	0	0	0
OTU_79	0	2171	0	329	0	0	0	149	0	0	0	0	0	0	0	0	0	0	0	0	0	22	166	0	69	0	0	0	0	0	0	0	0	0	0	0	0	0	0	0	0	0	0	0	0	0	0	0
OTU_38	2396	0	0	0	0	0	0	0	0	0	0	0	0	0	0	0	0	0	0	0	0	0	0	0	0	0	0	0	0	0	0	0	0	0	0	0	0	0	0	0	0	0	0	0	0	0	0	0
OTU_30	0	0	0	0	0	0	0	3416	0	0	0	0	0	0	0	0	0	0	0	0	0	0	0	0	0	0	0	0	0	0	0	0	0	0	0	0	0	0	0	0	0	0	0	0	0	0	0	0
OTU_26	585	0	54	0	0	184	0	0	0	281	0	6	0	0	0	0	7	0	10	0	1	0	0	0	0	2225	515	0	1170	0	0	0	0	0	0	0	0	0	0	0	0	0	0	0	0	0	0	0
OTU_250	0	0	0	0	0	0	0	0	0	0	0	0	0	0	0	0	0	0	0	0	0	0	0	0	0	0	0	0	0	0	0	0	0	0	0	0	0	0	0	76	0	0	0	0	0	0	0	0
OTU_128	0	1	0	21	0	0	0	266	0	0	0	5	16	68	0	0	137	0	0	0	0	0	15	0	119	0	0	0	0	0	1	0	7	0	0	100	0	0	0	154	0	0	0	0	0	0	0	0
OTU_16	9	136	0	47	112	449	18	0	0	165	0	0	0	0	0	0	5955	0	0	0	0	0	0	0	0	421	89	0	0	0	1495	0	0	0	0	199	0	0	0	97	0	0	0	0	0	0	1	0
OTU_71	0	0	0	30	0	0	0	0	0	0	0	0	0	0	0	0	281	0	0	0	0	0	100	0	0	0	0	0	0	0	0	0	0	0	0	5	0	0	0	0	0	0	0	0	0	0	0	0
OTU_45	99	18	0	7	61	45	100	0	0	0	0	0	0	3	0	5	0	0	0	398	0	0	0	0	189	85	204	7	0	0	193	0	0	0	0	0	0	99	0	0	0	470	0	0	0	0	0	0
OTU_87	14	0	0	0	0	25	0	0	0	360	0	0	0	0	0	48	0	0	98	0	0	0	0	0	0	70	104	0	0	0	0	0	0	0	0	0	2	0	0	0	0	0	0	0	0	0	0	0
OTU_58	45	0	0	0	0	1008	4	0	0	0	0	0	0	0	0	0	0	0	5	0	0	0	0	0	0	21	0	0	0	0	0	0	0	0	0	0	0	0	0	0	0	0	0	0	0	0	0	0
OTU_25	761	0	2153	0	131	413	26	0	0	1161	0	5	0	0	0	0	0	0	85	500	0	0	0	0	0	626	113	0	158	0	0	0	0	0	0	0	0	0	0	0	0	0	0	0	14	0	0	0
OTU_173	0	0	0	0	0	0	0	0	0	0	0	0	0	0	45	0	0	0	0	0	0	0	0	0	0	0	0	0	0	0	0	0	0	0	0	0	0	0	0	0	0	0	0	0	0	0	0	0
OTU_241	0	0	0	0	0	0	0	0	0	0	0	4	0	0	0	0	0	0	0	0	0	0	0	0	0	0	0	0	0	0	0	0	0	0	0	0	32	0	0	0	0	4	0	0	0	0	0	0
OTU_54	43	0	5	0	764	286	0	0	0	0	0	0	0	0	0	0	0	0	0	0	0	0	0	0	0	149	240	0	15	0	0	0	0	0	0	0	0	0	0	0	0	0	0	0	0	0	0	0
OTU_74	0	0	0	0	0	0	0	0	0	0	0	0	0	0	0	0	0	0	0	0	0	0	0	0	0	0	0	0	0	0	315	0	0	0	0	0	0	0	0	0	0	0	0	0	0	0	0	0
OTU_137	0	0	0	0	0	0	1512	0	0	0	0	0	0	0	0	0	0	0	0	0	0	0	0	0	0	0	1	0	0	0	0	0	0	0	0	0	0	0	0	0	0	0	0	0	0	0	0	0
OTU_36	1033	0	35	0	15	1032	0	0	0	571	0	1	0	0	0	0	0	0	0	0	0	0	0	0	0	137	265	0	0	0	0	0	0	0	0	0	0	0	0	0	0	0	0	0	0	0	0	0
OTU_63	0	0	0	0	0	0	0	0	0	0	0	0	0	0	0	0	0	0	0	0	0	0	0	571	0	0	0	0	0	0	0	0	0	0	0	0	0	0	17	0	0	0	0	0	0	0	0	0
OTU_31	2893	0	0	0	0	0	0	0	0	0	0	1	0	0	0	0	0	0	0	0	0	0	0	0	0	26	0	0	0	0	0	0	0	2	0	0	0	0	0	0	0	0	0	0	0	0	0	0
OTU_44	0	0	0	0	0	1817	1	0	0	0	0	0	0	0	0	0	0	0	0	0	0	0	0	0	0	0	0	0	0	0	0	0	0	0	0	0	0	0	0	0	0	0	0	0	0	0	0	0
OTU_75	0	0	0	0	0	89	0	0	0	17	0	0	0	0	0	0	0	0	0	0	0	0	0	0	0	253	40	0	0	0	0	0	0	0	0	0	0	0	0	0	0	0	0	0	0	0	0	0
OTU_21	1771	0	478	9	0	250	103	4	1	134	0	17	1	0	0	32	7	0	315	2067	0	0	0	0	0	573	274	0	169	0	0	0	0	0	0	0	0	0	0	14	0	0	0	0	0	0	0	0
OTU_52	21	0	28	0	0	0	0	0	0	0	0	0	0	0	0	0	0	0	0	0	0	0	0	0	0	1141	0	0	0	0	6	0	0	0	0	0	0	0	0	0	0	0	0	0	0	0	0	0
OTU_46	261	0	0	0	0	12	0	0	0	69	0	0	0	0	0	0	1	0	0	38	0	0	0	0	0	488	885	0	485	0	0	0	0	0	0	0	0	0	0	0	0	0	0	0	4	0	0	0
OTU_117	0	0	0	0	0	0	345	0	0	0	0	0	0	0	0	0	0	0	0	0	0	0	0	0	0	0	0	0	0	0	0	0	0	0	0	0	0	0	0	0	0	0	0	0	0	0	0	0
OTU_146	0	0	0	0	0	0	0	0	0	0	0	0	0	0	0	0	0	0	0	0	0	0	0	0	0	0	99	0	0	0	0	0	0	0	0	0	0	0	0	0	0	0	0	0	0	0	0	0
OTU_61	0	0	0	0	0	0	0	42	0	0	0	1	0	0	0	0	0	0	0	0	0	0	0	0	229	0	0	0	0	0	0	1178	0	0	0	0	0	0	0	0	0	0	0	0	0	0	0	0
OTU_56	77	0	0	0	265	263	0	0	0	0	0	0	0	0	0	0	1	0	0	0	0	0	0	0	0	99	54	0	167	0	0	0	0	0	0	0	0	0	0	0	0	0	0	0	0	0	0	0
OTU_370	25	12	0	80	0	0	0	10	0	4	0	0	0	0	0	0	288	0	0	0	0	0	115	0	208	7	2	0	0	0	3	0	0	0	0	0	0	0	0	0	0	0	0	0	0	0	0	0
OTU_72	702	0	0	0	0	0	0	0	0	0	0	0	0	0	0	0	0	0	0	0	0	0	0	0	0	0	0	0	0	0	0	0	0	0	0	0	0	0	0	0	0	0	0	0	0	0	0	0
OTU_134	0	0	0	0	0	0	0	7	0	0	0	0	0	0	0	0	0	0	0	0	0	0	0	73	0	0	0	0	0	0	0	0	0	0	0	0	0	0	0	0	0	0	0	0	0	0	0	0
OTU_51	0	0	0	0	0	0	0	0	0	0	0	0	0	0	0	0	1	0	0	0	0	0	0	0	1194	0	0	0	0	0	0	0	0	0	0	0	0	0	0	0	0	0	0	0	0	0	0	0
OTU_133	0	0	0	0	0	0	0	34	0	0	0	0	0	0	0	0	0	0	0	0	0	0	0	0	0	0	0	0	0	0	0	0	0	0	0	0	0	117	0	0	0	0	0	0	0	0	0	0
OTU_78	20	0	7	0	12	10	0	0	0	28	0	0	0	0	0	0	0	0	0	28	0	0	0	0	0	61	137	0	36	0	0	0	0	0	0	0	0	0	0	0	0	0	0	0	0	0	0	0
OTU_158	0	0	0	0	0	0	0	0	0	0	0	0	0	0	0	0	0	0	0	0	0	0	0	0	0	0	57	0	15	0	0	0	0	0	0	0	0	0	0	0	0	0	0	0	0	0	0	0
OTU_80	0	0	11	0	0	0	0	0	0	0	0	0	0	0	0	0	0	0	0	0	0	0	0	0	0	202	98	0	0	0	0	0	0	0	0	0	0	0	0	0	0	0	0	0	0	0	0	0
OTU_37	2267	0	0	0	0	0	0	0	0	0	0	0	0	0	0	0	0	0	0	0	0	0	0	0	0	0	0	0	0	0	0	0	0	0	0	0	0	0	0	0	0	0	0	0	0	0	0	0
OTU_203	0	0	0	0	0	0	0	0	0	0	0	1059	0	0	0	0	0	0	0	0	0	0	0	0	0	0	0	0	0	0	0	0	0	0	0	0	0	0	0	0	0	0	0	0	0	0	0	0
OTU_70	0	0	0	0	0	0	0	0	0	0	0	408	0	0	0	0	0	0	0	0	0	0	0	0	2	0	0	0	0	0	0	0	0	0	0	0	0	0	0	0	0	0	0	0	0	0	0	0
OTU_163	0	0	0	0	0	0	0	0	0	0	0	0	0	0	0	0	0	0	0	0	0	0	0	0	0	0	59	0	0	0	0	0	0	0	0	0	0	0	0	0	0	0	0	0	0	0	0	0
OTU_55	0	0	0	0	0	0	0	0	0	0	0	0	0	0	0	0	78	0	0	0	0	0	0	0	0	0	0	0	0	0	61	0	0	592	0	14	0	0	0	281	0	0	0	0	0	0	0	0
OTU_77	57	0	3	0	69	230	4	0	0	100	0	0	0	0	0	0	0	0	0	52	0	0	0	0	0	43	98	0	127	0	0	0	0	0	0	0	0	0	0	0	0	0	0	0	0	0	0	0
OTU_59	0	0	0	0	1	0	0	0	0	0	0	0	0	0	0	0	0	0	0	0	0	0	0	0	0	0	761	0	0	0	0	0	0	0	0	0	0	0	0	0	0	0	0	0	0	0	0	0
OTU_73	0	11	0	65	0	0	0	33	0	0	0	124	0	0	2	0	165	0	0	0	0	0	0	0	0	0	0	3	0	0	48	0	17	0	0	0	0	0	0	10	0	0	0	0	0	0	0	0
OTU_412	17	2	1	1	0	7	1	558	0	3	0	0	0	0	0	0	55	0	1	5	0	0	0	0	16	18	33	0	2	0	66	0	0	0	0	1	0	0	0	5	0	0	0	0	0	0	0	0
OTU_60	178	0	345	0	0	15	0	0	0	267	0	0	0	0	0	8	0	0	5	0	0	0	0	0	0	330	0	0	0	0	0	0	0	0	0	0	0	0	0	0	0	0	0	0	0	0	0	0
OTU_42	0	0	0	0	0	0	0	0	0	0	0	0	0	0	0	0	1108	0	0	0	0	0	0	0	0	1	0	0	0	0	338	0	0	28	0	92	0	0	0	73	0	0	0	0	199	0	0	0
OTU_114	0	0	0	0	0	36	0	0	0	0	0	0	0	0	0	0	0	0	0	0	0	0	0	0	0	0	106	0	0	0	0	0	0	0	0	0	0	0	0	0	0	0	0	0	0	0	0	0
OTU_96	0	0	0	0	0	0	0	0	0	0	0	0	0	0	0	0	0	0	0	0	0	0	0	0	0	0	0	0	0	0	36	0	0	0	0	21	0	0	0	0	0	0	0	37	37	0	0	0
OTU_82	0	168	0	0	0	0	0	0	0	0	0	0	0	0	79	0	0	0	0	0	0	0	0	0	0	1	0	0	0	0	2	0	0	0	0	0	0	0	0	0	0	0	85	0	0	200	0	0
OTU_204	7	0	0	0	0	0	0	0	0	0	0	0	0	0	0	220	0	0	0	0	0	0	0	0	0	11	0	0	0	0	0	0	0	0	0	0	0	0	0	0	0	0	0	0	0	0	0	0
OTU_136	0	0	0	0	0	1	0	0	0	0	0	0	0	295	0	0	0	0	0	0	0	0	0	0	0	0	0	0	0	0	0	0	0	0	0	0	0	0	0	0	0	0	0	0	0	0	0	0
OTU_89	143	0	0	0	0	1	0	0	0	0	0	0	0	0	0	0	0	0	0	0	0	0	0	0	0	18	7	0	0	29	0	0	0	0	0	0	0	0	0	0	0	0	0	0	0	0	0	0
OTU_217	0	0	0	0	0	0	0	0	0	2	0	0	0	0	0	0	0	0	39	0	0	0	0	0	0	0	0	0	0	0	0	0	0	0	0	0	0	0	0	0	0	0	0	0	0	0	0	0
OTU_349	0	0	0	0	0	0	0	0	0	3	0	0	0	0	0	0	57	0	0	0	0	0	0	0	1	0	0	0	0	0	29	0	0	1	0	23	0	5	0	15	0	0	0	0	0	0	0	0
OTU_116	69	0	32	0	0	0	0	0	0	0	0	0	0	0	0	0	0	0	0	0	0	0	0	0	0	0	0	0	0	0	0	0	0	0	0	0	0	0	0	0	0	0	0	0	0	0	0	0
OTU_64	260	0	460	0	0	6	0	0	0	121	0	0	0	0	0	8	0	0	0	0	0	0	0	0	0	483	7	0	0	0	0	0	0	0	0	0	0	0	0	0	1	0	0	0	0	0	0	0
OTU_48	0	0	0	0	0	0	0	113	0	0	0	0	0	0	0	0	0	0	0	0	4	0	0	0	1677	0	0	0	0	0	0	0	92	0	0	0	0	0	0	67	0	0	0	0	0	0	0	0
OTU_120	16	0	10	0	0	0	0	0	0	43	0	0	0	0	0	0	0	0	0	75	0	0	0	0	0	7	0	0	0	0	0	0	0	0	0	0	0	0	0	0	0	0	0	0	0	0	0	0
OTU_115	4	0	0	0	0	0	0	0	0	0	0	0	0	0	0	0	0	0	0	0	0	0	0	0	0	65	0	0	0	0	0	0	0	0	0	0	0	0	0	113	0	0	0	0	0	0	0	0
OTU_90	0	0	0	0	0	0	0	0	0	0	0	0	0	0	0	0	0	0	0	0	0	0	0	0	0	0	0	0	0	0	171	0	0	0	0	0	0	0	0	0	0	0	0	0	0	0	0	0
OTU_206	0	0	0	0	0	0	0	0	0	0	0	0	0	0	0	0	0	0	0	0	0	0	0	0	0	0	0	0	21	0	0	0	0	0	0	0	0	0	0	0	0	0	0	0	0	0	0	0
OTU_409	6	15	0	24	0	1	0	10	0	1	0	10	0	3	0	0	21	0	0	0	0	1	2	0	25	2	9	0	0	2	5	0	0	2	0	7	0	0	0	21	1	0	0	1	0	0	0	0
OTU_119	0	19	0	19	0	0	0	59	0	0	0	0	0	0	0	0	14	0	0	0	0	10	0	0	78	0	0	0	0	0	19	0	38	0	0	9	0	0	0	28	0	0	0	0	0	0	0	0
OTU_189	94	30	0	1	130	0	0	193	0	218	0	0	0	0	0	0	1	0	0	0	0	0	0	0	0	65	20	0	0	0	0	0	0	0	0	0	0	0	0	0	1	0	0	0	0	0	0	0
OTU_303	8	0	0	0	0	156	0	0	0	0	0	0	0	0	0	0	0	0	0	0	0	0	0	0	0	99	47	0	0	0	0	0	0	0	0	0	0	0	0	0	0	0	0	0	0	0	0	0
OTU_65	0	0	0	10	0	0	0	7	0	0	0	0	0	230	263	0	0	0	0	0	0	0	40	0	5	0	0	0	0	0	0	0	0	0	0	0	0	0	0	0	0	0	0	0	0	0	0	0
OTU_318	6	2	2	5	0	2	21	0	0	21	0	0	0	0	0	0	0	0	0	0	0	0	0	0	1	12	5	0	0	0	9	0	3	0	0	0	0	0	0	0	0	0	0	0	0	0	0	0
OTU_94	0	0	0	0	0	0	0	0	0	0	0	0	0	0	0	0	0	0	0	0	0	0	0	0	0	0	0	0	0	0	0	0	0	0	0	0	0	0	0	159	0	0	0	0	0	0	0	0
OTU_101	0	0	0	0	0	123	0	0	0	0	0	0	0	0	0	0	0	0	0	0	0	0	0	0	0	0	0	0	0	0	0	0	0	0	0	0	0	0	0	0	0	0	0	0	0	0	0	0
OTU_139	0	0	0	122	0	0	0	11	0	0	0	0	0	1	0	0	0	0	0	0	0	0	0	0	86	0	0	0	0	0	19	0	8	0	0	0	0	0	0	0	0	0	0	0	0	0	0	0
OTU_150	0	0	0	0	0	0	0	0	0	0	0	0	0	0	0	0	0	0	0	0	0	0	0	0	0	61	0	0	0	0	0	0	0	0	0	0	0	0	0	0	0	0	0	0	0	0	0	0
OTU_390	0	4	0	0	0	0	0	5	0	0	0	0	24	0	0	0	83	0	0	0	0	5	2	0	4	0	0	0	0	3	42	0	18	0	0	0	0	0	0	8	26	0	5	0	0	2	0	0
OTU_201	0	0	23	0	0	0	0	0	0	0	0	0	0	0	0	0	0	0	0	0	0	0	0	0	0	0	0	0	0	0	24	0	0	0	0	0	0	0	0	0	0	0	0	0	0	0	0	0
OTU_95	1	0	0	0	0	0	0	0	0	0	0	0	0	0	0	0	0	0	0	0	0	0	183	0	0	0	0	0	0	0	0	0	0	0	0	0	0	0	0	15	0	0	0	0	0	0	0	0
OTU_107	0	0	0	0	0	0	147	0	0	0	0	0	0	0	0	0	0	0	0	0	0	0	0	0	0	0	0	0	0	0	0	0	0	0	0	0	0	0	0	0	0	0	0	0	0	0	0	0
OTU_364	0	2	0	8	0	0	0	7	0	0	2	1	0	0	0	0	12	0	0	0	1	13	27	0	5	0	0	2	0	0	6	0	0	10	16	1	2	0	5	17	2	5	0	0	6	0	0	0
OTU_109	134	0	0	0	0	0	0	0	0	0	0	0	0	0	0	0	0	0	0	0	0	0	0	0	0	0	0	0	0	0	0	0	0	0	0	0	0	0	0	0	0	0	0	0	0	0	0	0
OTU_153	14	1	0	44	4	15	8	11	0	0	0	8	0	0	0	221	33	0	0	0	2	22	17	0	8	0	0	5	0	0	11	2	0	3	19	1	6	0	17	20	9	2	0	0	3	0	0	0
OTU_141	0	0	0	50	0	0	0	0	0	0	0	0	0	0	0	0	0	0	0	0	0	0	0	0	0	0	0	0	0	0	0	0	0	0	0	0	0	0	0	0	0	0	0	66	0	0	0	0
OTU_131	0	0	0	0	0	0	0	1	0	0	0	0	2	0	0	0	0	0	0	0	0	0	0	0	0	0	0	0	0	19	0	0	178	0	0	0	0	0	0	0	79	0	282	0	0	97	0	0
OTU_76	0	0	0	0	0	0	0	15	0	0	0	343	0	8	0	0	0	0	0	0	0	0	0	0	0	0	0	0	0	0	0	0	0	0	0	0	0	0	0	0	0	0	0	0	0	0	0	0
OTU_68	119	0	51	0	0	70	0	0	0	49	0	0	0	0	0	0	0	0	3	0	0	0	0	0	0	161	47	0	0	0	0	0	0	0	0	0	0	0	0	0	0	0	0	0	0	0	0	0
OTU_365	0	0	0	194	0	0	0	0	0	0	0	0	0	0	0	0	0	0	0	0	0	0	0	0	0	0	0	0	0	0	0	0	0	0	0	0	0	0	0	0	0	0	0	0	0	0	0	0
OTU_81	0	0	0	0	0	436	0	0	0	0	0	0	0	0	0	0	0	0	0	0	0	0	0	0	0	0	0	0	0	0	0	0	0	0	0	0	0	0	0	0	0	0	0	0	0	0	0	0
OTU_98	0	0	0	0	0	0	0	0	0	0	0	0	0	0	0	0	0	0	0	0	0	0	0	0	0	0	180	0	0	0	0	0	0	0	0	0	0	0	0	0	0	0	0	0	0	0	0	0
OTU_182	0	0	0	0	0	0	0	0	0	0	0	0	0	0	0	0	3	0	0	0	0	0	0	0	0	0	0	0	0	0	0	0	0	0	0	0	0	0	0	0	0	0	0	0	0	34	0	0
OTU_161	0	122	0	0	0	0	0	0	0	0	0	0	0	0	0	0	0	0	0	0	0	0	0	0	0	0	0	0	0	0	0	0	0	0	0	0	0	0	0	0	0	0	0	0	0	0	0	0
OTU_111	0	16	0	6	0	0	0	38	0	0	0	0	0	0	0	0	0	0	0	0	0	0	0	0	66	0	0	0	0	0	0	0	0	0	0	0	0	0	0	0	0	0	0	0	0	0	0	0
OTU_104	0	13	0	96	0	0	0	29	0	0	0	0	0	0	0	0	7	0	0	0	0	0	0	0	21	0	0	0	0	0	0	0	0	0	0	0	0	0	0	0	0	0	0	0	0	0	0	0
OTU_142	0	13	0	6	0	0	0	1	0	0	0	4	0	33	1	0	17	0	0	0	0	0	0	0	66	0	0	0	0	0	6	0	0	1	0	4	0	0	0	29	0	0	0	3	0	0	0	0
OTU_105	0	0	0	0	0	0	0	0	0	0	0	0	0	0	0	0	0	0	0	0	0	0	0	0	0	0	0	0	0	0	0	0	0	0	0	0	0	0	0	168	0	0	0	0	0	0	0	0
OTU_84	7	0	0	0	0	15	0	0	0	0	0	0	0	0	0	0	0	0	135	0	0	0	0	0	0	0	18	0	88	0	0	0	0	0	0	0	0	0	0	0	0	0	0	0	0	0	0	0
OTU_130	63	0	0	0	0	215	0	0	0	0	0	0	0	0	0	0	0	0	0	0	0	0	0	0	0	3	23	0	0	0	0	0	0	0	0	0	0	0	0	0	0	0	0	0	0	0	0	0
OTU_196	0	0	73	0	0	2	0	0	0	0	0	0	0	0	0	0	0	0	0	0	0	0	0	0	0	8	0	0	0	0	0	0	0	0	0	0	0	0	0	0	0	0	0	0	0	0	0	0
OTU_369	0	99	0	8	0	0	0	0	0	0	0	59	0	0	0	0	0	0	0	0	0	0	0	0	0	0	0	0	0	0	0	0	0	0	0	0	0	0	0	0	0	0	0	0	0	0	0	0
OTU_190	0	0	1	0	0	49	0	0	8	0	0	0	0	0	0	0	3	0	0	0	0	0	0	0	0	13	0	0	0	0	0	0	0	0	0	0	0	0	0	0	0	0	0	0	0	0	0	0
OTU_188	98	0	0	0	0	0	0	0	0	0	0	0	0	0	0	0	0	0	0	0	0	0	0	0	0	15	13	0	0	0	0	0	0	0	0	0	0	0	0	0	0	0	0	0	0	0	0	0
OTU_92	149	0	0	0	0	0	0	0	0	0	0	0	0	0	0	0	0	0	0	0	0	0	0	0	0	0	0	0	0	0	0	0	0	0	0	0	0	0	0	0	0	0	0	0	0	0	0	0
OTU_106	0	0	0	0	0	0	162	0	0	0	0	0	0	0	0	0	0	0	0	0	0	0	0	0	0	0	0	0	0	0	0	0	0	0	0	0	0	0	0	0	0	0	0	0	0	0	0	0
OTU_149	0	0	0	0	0	0	0	0	0	0	0	0	0	0	0	0	0	0	0	0	0	0	0	0	0	0	0	0	0	0	56	0	0	0	0	0	0	0	0	0	0	0	0	0	0	0	0	0
OTU_147	0	0	0	0	0	0	0	0	0	0	0	0	0	0	0	0	0	0	0	57	0	0	0	0	0	0	0	0	0	0	0	0	0	0	0	0	0	0	0	0	0	0	0	0	0	0	0	0
OTU_144	0	0	0	0	0	0	0	0	0	0	0	0	0	0	0	0	0	0	0	0	0	0	60	0	0	0	0	0	0	0	0	0	0	0	0	0	0	0	0	0	0	0	0	0	0	0	0	0
OTU_138	0	0	0	0	0	11	0	0	0	5	0	0	0	0	0	0	0	0	0	0	0	0	0	0	0	0	70	0	0	0	0	0	0	0	0	0	0	0	0	0	0	0	0	0	0	0	0	0
OTU_361	1	4	0	3	0	1	0	0	0	0	0	0	0	0	0	0	264	0	0	0	0	6	2	0	4	1	0	0	2	1	40	0	0	0	0	5	0	2	0	29	0	0	0	0	0	1	0	0
OTU_156	0	0	0	0	0	0	0	53	0	0	0	0	0	0	0	0	0	0	0	0	0	0	0	0	0	0	0	0	0	0	0	0	0	0	0	0	0	0	0	0	0	0	0	0	0	0	0	0
OTU_99	0	98	0	3	0	0	0	0	0	0	0	0	0	0	0	0	81	0	0	0	0	0	0	0	21	0	0	0	0	0	22	0	0	0	0	0	0	0	0	4	0	0	0	0	0	0	0	0
OTU_236	0	0	0	0	0	0	0	0	0	0	0	0	0	0	0	0	0	0	0	0	0	0	0	0	0	0	0	0	33	0	0	0	0	0	0	0	0	0	0	0	0	0	0	0	0	0	0	0
OTU_113	10	0	0	0	0	93	0	0	0	0	0	0	0	0	0	0	0	0	0	0	0	0	0	0	0	0	0	0	0	0	0	0	0	0	0	0	0	0	0	0	0	0	0	0	0	0	0	0
OTU_271	15	1	9	1	0	7	4	4	0	4	0	0	0	0	0	0	7	0	0	3	0	0	0	0	0	16	18	0	5	0	0	0	0	0	0	0	0	0	0	1	0	0	0	0	0	0	8	0
OTU_103	0	1	0	0	0	0	0	5	0	0	0	0	0	0	0	0	133	0	0	0	0	0	0	0	0	0	0	0	0	0	26	0	0	0	0	1	0	0	0	4	0	0	0	0	0	0	0	0
OTU_129	0	0	0	0	0	0	0	0	0	0	0	0	0	0	0	0	0	0	0	0	0	0	0	0	75	0	0	0	0	0	0	0	0	0	0	0	0	0	0	0	0	0	0	0	0	0	0	0
OTU_118	77	0	0	0	0	0	0	0	0	0	0	0	0	0	0	0	0	0	0	0	0	0	0	0	0	79	13	0	0	0	0	0	0	0	0	0	0	0	0	0	0	0	0	0	0	0	0	0
OTU_126	0	0	0	0	0	0	0	0	0	0	0	0	0	0	0	0	154	0	0	0	0	0	0	0	0	0	0	0	0	0	0	0	0	0	0	0	0	0	0	0	0	0	0	0	0	0	0	0
OTU_110	0	0	0	20	0	0	0	1	0	0	0	0	20	0	0	0	0	0	0	0	0	0	0	0	143	0	0	0	0	0	40	0	0	0	0	9	0	0	0	0	0	0	0	0	0	41	0	0
OTU_162	0	0	0	0	0	0	0	0	0	0	0	0	0	0	0	0	0	0	0	0	0	0	0	0	0	266	0	0	0	0	0	0	0	0	0	0	0	0	0	0	0	0	0	0	0	0	0	0
OTU_172	0	3	0	41	0	0	0	0	0	0	0	0	0	0	0	0	0	0	0	0	0	0	0	0	0	0	0	0	0	0	0	0	0	0	0	0	0	0	0	0	0	0	0	0	0	0	0	0
OTU_125	0	0	0	0	0	0	0	0	32	0	0	0	0	0	0	0	0	0	0	0	0	68	0	0	1	0	0	0	0	0	0	0	0	0	0	0	0	0	0	0	0	0	0	0	0	0	0	0
OTU_366	0	0	0	154	0	19	0	0	0	0	0	0	0	0	0	0	0	0	0	0	0	0	0	0	0	0	0	0	0	0	0	0	0	0	0	0	0	0	0	0	0	0	0	0	0	0	0	0
OTU_124	0	0	0	0	0	0	0	0	0	0	0	0	0	0	0	0	0	0	0	0	0	0	0	0	0	0	0	0	0	0	100	0	0	0	0	0	0	0	0	0	0	0	0	0	0	0	0	0
OTU_193	1	0	0	0	0	0	0	0	0	0	0	0	0	0	0	0	0	0	0	0	0	0	0	0	0	0	0	0	0	0	0	0	0	0	0	0	0	0	0	0	26	0	0	0	0	0	0	0
OTU_132	0	0	0	0	0	3	0	0	0	0	0	0	0	0	0	0	0	0	0	0	0	0	0	0	0	0	154	0	0	0	0	0	0	0	0	0	0	0	0	0	0	0	0	0	0	0	0	0
OTU_178	1	0	0	0	0	12	0	0	0	0	0	0	0	0	0	0	0	0	0	42	0	0	0	0	0	8	3	0	0	0	0	0	0	0	0	0	0	0	0	0	0	0	0	0	0	0	0	0
OTU_312	28	0	0	0	0	36	0	0	0	0	0	0	0	0	0	0	14	0	0	0	0	0	0	0	2	1	29	0	0	0	4	0	0	0	0	2	0	0	0	0	0	0	0	0	0	0	0	0
OTU_305	0	0	0	0	0	16	0	0	0	0	0	0	0	0	0	0	0	0	0	0	0	0	0	0	0	0	0	0	0	0	0	0	0	0	0	0	0	0	0	0	0	0	6	0	0	0	0	0
OTU_145	0	0	0	0	0	0	0	0	0	0	0	38	0	0	0	0	0	0	0	0	0	0	0	0	0	0	0	0	0	0	0	0	0	0	0	0	0	0	0	0	0	0	0	0	0	0	0	0
OTU_127	0	0	0	0	0	73	0	0	0	0	0	0	0	0	0	0	0	0	0	0	0	0	0	0	0	0	0	0	0	0	0	0	0	0	0	0	0	0	0	0	0	0	0	0	0	0	0	0
OTU_269	17	0	18	0	0	0	0	0	0	6	0	0	0	0	0	1	0	0	0	0	0	0	0	0	0	47	0	0	0	0	0	0	0	0	0	0	0	0	0	0	0	0	0	0	0	0	0	0
OTU_122	0	0	0	0	0	1	0	0	0	0	0	0	0	0	0	0	0	0	0	0	0	0	0	90	0	0	0	0	0	0	0	0	0	0	0	0	0	0	0	0	0	0	0	0	0	0	0	0
OTU_221	0	0	0	0	0	0	0	0	0	0	0	0	0	0	0	0	0	0	0	0	0	0	0	0	0	0	0	0	0	0	0	0	0	0	0	0	0	0	0	0	0	0	0	0	18	0	0	0
OTU_191	0	0	0	0	0	0	0	0	0	0	0	0	0	0	0	0	0	0	0	0	0	0	0	0	0	0	0	0	0	0	0	0	0	0	0	0	0	0	0	30	0	0	0	0	0	0	0	0
OTU_175	0	6	0	1	0	0	0	0	0	0	0	0	0	0	0	0	18	0	0	0	0	10	0	0	3	0	0	0	0	0	1	0	0	0	0	0	0	0	0	3	0	0	0	0	0	0	0	0
OTU_86	0	0	0	0	0	0	0	0	0	0	0	0	0	0	0	0	0	0	0	0	0	0	1	0	273	0	0	0	0	0	0	0	0	0	0	0	0	0	0	0	0	0	0	0	0	0	0	0
OTU_155	1	0	22	0	0	0	0	0	0	0	0	0	0	0	0	0	0	0	0	0	0	0	0	0	0	2	22	0	0	0	0	0	0	0	0	0	0	0	0	0	0	0	0	0	0	0	0	0
OTU_205	0	0	0	0	0	0	0	0	0	0	0	0	0	0	0	0	0	0	0	0	0	0	0	0	0	0	0	0	0	52	0	0	0	0	0	0	0	0	0	0	0	0	0	0	0	0	0	0
OTU_168	0	0	0	0	0	0	0	0	0	0	0	0	0	0	0	0	0	0	0	0	0	0	0	0	0	0	0	0	0	0	0	0	0	0	0	41	0	0	0	0	0	0	0	0	0	0	0	0
OTU_233	0	0	0	0	0	0	0	34	0	0	0	0	0	0	0	0	0	0	0	0	0	0	0	0	0	0	0	0	0	0	0	0	0	0	0	0	0	0	0	0	0	0	0	0	0	0	0	0
OTU_209	0	0	0	0	0	0	0	0	0	0	0	0	0	0	0	0	0	0	0	0	0	0	0	0	0	0	0	0	0	0	0	0	0	0	0	0	0	0	0	0	22	0	138	0	0	0	0	0
OTU_319	0	5	0	0	0	0	0	1	0	0	0	1	0	0	0	0	8	0	0	0	0	0	0	0	0	0	0	0	0	0	1	0	0	0	0	1	0	0	0	1	0	0	0	0	0	0	1	0
OTU_165	0	0	0	0	0	0	0	49	0	0	0	0	0	0	0	0	0	0	0	0	0	0	0	0	0	0	0	0	0	0	0	0	0	0	0	0	0	0	0	0	0	0	0	0	0	0	0	0
OTU_219	0	0	0	0	0	0	0	0	0	0	0	0	0	0	0	0	0	0	0	0	0	0	0	0	0	0	0	0	31	0	0	0	0	0	0	0	0	0	0	0	0	0	0	0	0	0	0	0
OTU_208	0	0	0	0	0	11	0	0	0	0	0	0	0	0	0	0	0	0	0	0	0	0	0	0	0	0	0	0	19	0	0	0	0	0	0	0	0	0	0	0	0	0	0	0	0	0	0	0
OTU_167	0	0	0	0	0	0	0	0	0	0	0	0	0	0	0	0	0	0	0	0	0	0	0	0	0	0	0	0	0	0	0	0	0	0	0	37	0	0	0	0	0	1	0	0	0	0	0	0
OTU_174	0	0	0	0	0	0	0	0	0	0	0	0	0	0	0	0	0	0	0	0	0	0	0	0	0	0	0	0	0	0	0	0	0	0	0	34	0	0	0	0	0	0	0	0	0	0	0	0
OTU_207	0	0	0	0	0	0	0	0	0	0	0	0	0	0	0	0	0	0	0	0	0	0	0	0	0	0	0	0	29	0	0	0	0	0	0	0	0	0	0	0	0	0	0	0	0	0	0	0
OTU_199	0	0	0	0	0	0	0	0	0	0	0	0	0	0	0	0	0	0	0	0	0	0	0	0	0	0	0	0	0	0	0	0	0	0	0	0	0	23	0	0	0	0	0	0	0	0	0	0
OTU_151	3	0	0	0	0	52	0	0	0	0	0	0	0	0	0	0	0	0	3	0	0	0	0	0	0	0	0	0	0	0	0	0	0	0	0	0	0	0	0	0	0	0	0	0	0	0	0	0
OTU_300	0	2	0	2	0	0	0	1	0	0	0	0	0	0	0	0	3	0	0	0	0	0	4	0	2	0	0	0	0	0	0	0	2	0	0	0	0	0	0	1	5	0	0	0	0	0	0	0
OTU_247	0	0	0	1	0	0	0	0	0	0	0	0	0	0	0	0	0	0	0	0	0	0	0	0	0	0	0	0	0	0	0	0	0	0	0	0	0	0	0	0	0	0	0	0	14	0	0	0
OTU_244	0	0	0	0	0	0	0	0	0	0	0	0	0	0	0	0	0	0	0	0	0	0	0	0	0	0	0	0	0	0	0	0	30	0	0	0	0	0	0	0	0	0	0	0	0	0	0	0
OTU_177	0	0	0	0	0	0	0	0	0	0	0	0	0	0	0	0	0	0	0	0	0	0	0	0	0	0	0	0	36	0	0	0	0	0	0	0	0	0	0	0	0	0	0	0	0	0	0	0
OTU_388	0	0	0	0	0	0	0	0	0	0	0	0	1	0	0	0	59	0	0	0	0	0	0	0	0	0	0	0	0	0	0	0	9	0	0	0	0	0	0	1	0	0	0	0	0	0	0	0
OTU_342	0	0	0	0	0	0	0	0	0	0	0	0	9	0	0	0	0	0	0	0	0	0	0	0	0	0	0	0	0	0	0	0	0	0	0	0	0	0	0	0	0	0	0	0	0	0	0	0
OTU_225	0	0	0	0	0	0	0	0	0	0	0	0	0	0	0	0	0	0	0	0	0	0	0	0	0	0	0	0	0	0	42	0	0	0	0	0	0	0	0	0	0	0	0	0	0	0	0	0
OTU_284	0	0	0	0	0	0	0	0	0	0	0	0	0	0	0	0	17	0	0	0	0	0	0	0	0	0	0	0	0	0	0	0	3	0	0	0	0	0	0	2	0	0	0	0	0	0	0	0
OTU_315	0	0	0	0	0	0	0	0	0	0	0	0	0	0	0	0	0	0	0	0	0	0	0	0	0	0	0	0	0	0	0	0	0	0	0	0	0	9	0	0	0	0	0	0	0	0	0	0
OTU_227	0	0	0	0	0	0	0	0	0	0	0	0	0	0	0	0	0	0	0	0	0	0	0	0	0	0	0	0	0	0	0	0	0	0	0	0	0	0	0	0	14	0	0	0	0	0	0	0
