1	OTU_10	48471	4.32446273205479	4.32446273205479
2	OTU_1	47902	4.27369795941673	8.59816069147152
3	OTU_3	41106	3.66737564861142	12.2655363400829
4	OTU_8	34077	3.04026565410722	15.3058019941902
5	OTU_5	32021	2.85683441940802	18.1626364135982
6	OTU_13	28004	2.49844761503708	20.6610840286353
7	OTU_4	25865	2.3076113256297	22.968695354265
8	OTU_2	21645	1.93111336335801	24.899808717623
9	OTU_9	16285	1.45290742075699	26.35271613838
10	OTU_14	11187	0.998076470126403	27.3507926085064
11	OTU_6	11051	0.985942886508169	28.3367354950145
12	OTU_670	10296	0.918583653921646	29.2553191489362
13	OTU_32	10198	0.909840336314388	30.1651594852506
14	OTU_11	10169	0.907253028042853	31.0724125132934
15	OTU_23	10040	0.895743967110851	31.9681564804043
16	OTU_297	9892	0.88253977317336	32.8506962535776
17	OTU_16	9878	0.881290727800895	33.7319869813785
18	OTU_12	9681	0.863714875059776	34.5957018564383
19	OTU_7	9325	0.831953435588515	35.4276552920268
20	OTU_33	9305	0.830169085056421	36.2578243770832
21	OTU_17	8677	0.774140478348691	37.0319648554319
22	OTU_27	8393	0.748802700792965	37.7807675562249
23	OTU_26	8287	0.739345642972871	38.5201131991978
24	OTU_15	7782	0.694290792037514	39.2144039912353
25	OTU_58	7743	0.690811308499932	39.9052152997352
26	OTU_327	7529	0.671718757806534	40.5769340575417
27	OTU_18	7347	0.655481167964484	41.2324152255062
28	OTU_40	7247	0.646559415304018	41.8789746408102
29	OTU_22	6631	0.591601418915543	42.4705760597258
30	OTU_29	6615	0.590173938489868	43.0607499982156
31	OTU_77	6463	0.576612874445959	43.6373628726616
32	OTU_30	6346	0.566174423833213	44.2035372964948
33	OTU_47	5956	0.531379588457393	44.7349168849522
34	OTU_20	5668	0.505684940795249	45.2406018257475
35	OTU_37	5661	0.505060418109017	45.7456622438565
36	OTU_21	5541	0.494354314916457	46.2400165587729
37	OTU_34	5241	0.467589056935057	46.707605615708
38	OTU_99	5173	0.461522265125939	47.1691278808339
39	OTU_39	5128	0.457507476428729	47.6266353572627
40	OTU_363	5107	0.455633908370031	48.0822692656327
41	OTU_25	4872	0.434667789617935	48.5169370552506
42	OTU_19	4769	0.425478384377654	48.9424154396283
43	OTU_44	4632	0.413255583232815	49.3556710228611
44	OTU_60	4399	0.392467899533928	49.748138922395
45	OTU_53	4398	0.392378682007323	50.1405176044023
46	OTU_96	4393	0.3919325943743	50.5324501987766
47	OTU_42	4371	0.389969808788997	50.9224200075656
48	OTU_41	4282	0.382029448921182	51.3044494564868
49	OTU_56	4200	0.374713611739599	51.6791630682264
50	OTU_54	4122	0.367754644664435	52.0469177128909
51	OTU_24	4086	0.364542813706667	52.4114605265975
52	OTU_93	3932	0.350803314609548	52.7622638412071
53	OTU_43	3803	0.339294253677546	53.1015580948846
54	OTU_28	3725	0.332335286602382	53.433893381487
55	OTU_31	3724	0.332246069075778	53.7661394505628
56	OTU_820	3679	0.328231280378568	54.0943707309413
57	OTU_103	3601	0.321272313303404	54.4156430442448
58	OTU_502	3572	0.318685005031869	54.7343280492766
59	OTU_1300	3563	0.317882047292427	55.052210096569
60	OTU_49	3511	0.313242735908984	55.365452832478
61	OTU_71	3430	0.306016116254006	55.671468948732
62	OTU_112	3329	0.297005146066935	55.968474094799
63	OTU_122	3252	0.290135396518375	56.2586094913174
64	OTU_97	3248	0.289778526411957	56.5483880177293
65	OTU_46	3225	0.287726523300049	56.8361145410294
66	OTU_215	3172	0.282997994390002	57.1191125354194
67	OTU_116	3121	0.278447900533164	57.3975604359525
68	OTU_3950	3106	0.277109637634094	57.6746700735866
69	OTU_248	3103	0.27684198505428	57.9515120586409
70	OTU_105	3096	0.276217462368047	58.2277295210089
71	OTU_57	3077	0.274522329362559	58.5022518503715
72	OTU_83	3047	0.271845803564419	58.7740976539359
73	OTU_2957	3046	0.271756586037814	59.0458542399737
74	OTU_67	2953	0.26345935606358	59.3093135960373
75	OTU_35	2897	0.258463174573719	59.567776770611
76	OTU_98	2886	0.257481781781067	59.8252585523921
77	OTU_38	2872	0.256232736408602	60.0814912888007
78	OTU_36	2852	0.254448385876509	60.3359396746772
79	OTU_50	2828	0.252307165237997	60.5882468399152
80	OTU_81	2824	0.251950295131578	60.8401971350468
81	OTU_55	2808	0.250522814705903	61.0907199497527
82	OTU_82	2796	0.249452204386647	61.3401721541393
83	OTU_78	2766	0.246775678588507	61.5869478327278
84	OTU_155	2758	0.24606193837567	61.8330097711035
85	OTU_66	2718	0.242493237311483	62.075503008415
86	OTU_75	2698	0.24070888677939	62.3162118951944
87	OTU_110	2692	0.240173581619762	62.5563854768141
88	OTU_70	2623	0.23401757228404	62.7904030490982
89	OTU_45	2607	0.232590091858365	63.0229931409566
90	OTU_48	2591	0.231162611432691	63.2541557523892
91	OTU_95	2576	0.229824348533621	63.4839801009229
92	OTU_63	2549	0.227415475315295	63.7113955762382
93	OTU_954	2541	0.226701735102457	63.9380973113406
94	OTU_435	2541	0.226701735102457	64.1647990464431
95	OTU_51	2456	0.219118245341061	64.3839172917841
96	OTU_123	2428	0.21662015459613	64.6005374463803
97	OTU_80	2425	0.216352502016316	64.8168899483966
98	OTU_106	2382	0.212516148372315	65.0294060967689
99	OTU_461	2353	0.20992884010078	65.2393349368697
100	OTU_2986	2343	0.209036664834733	65.4483716017044
101	OTU_61	2340	0.208769012254919	65.6571406139593
102	OTU_85	2334	0.208233707095291	65.8653743210546
103	OTU_69	2288	0.204129700871477	66.0695040219261
104	OTU_2724	2281	0.203505178185244	66.2730092001113
105	OTU_340	2278	0.20323752560543	66.4762467257168
106	OTU_800	2221	0.198152126588964	66.6743988523057
107	OTU_76	2207	0.196903081216499	66.8713019335222
108	OTU_113	2202	0.196456993583475	67.0677589271057
109	OTU_2373	2164	0.193066727572498	67.2608256546782
110	OTU_1409	2159	0.192620639939475	67.4534462946177
111	OTU_2083	2127	0.189765679088125	67.6432119737058
112	OTU_88	2113	0.18851663371566	67.8317286074215
113	OTU_59	2109	0.188159763609242	68.0198883710307
114	OTU_172	2097	0.187089153289986	68.2069775243207
115	OTU_162	2095	0.186910718236776	68.3938882425575
116	OTU_65	2075	0.185126367704683	68.5790146102622
117	OTU_52	2041	0.182092971800124	68.7611075820623
118	OTU_68	1984	0.177007572783658	68.938115154846
119	OTU_4090	1968	0.175580092357984	69.1136952472039
120	OTU_130	1939	0.172992784086448	69.2866880312904
121	OTU_101	1937	0.172814349033239	69.4595023803236
122	OTU_156	1932	0.172368261400216	69.6318706417239
123	OTU_90	1904	0.169870170655285	69.8017408123791
124	OTU_329	1894	0.168977995389238	69.9707188077684
125	OTU_241	1889	0.168531907756215	70.1392507155246
126	OTU_135	1886	0.168264255176401	70.307514970701
127	OTU_64	1865	0.166390687117703	70.4739056578187
128	OTU_365	1842	0.164338684005796	70.6382443418245
129	OTU_102	1840	0.164160248952586	70.8024045907771
130	OTU_132	1837	0.163892596372772	70.9662971871498
131	OTU_84	1828	0.16308963863333	71.1293868257832
132	OTU_177	1817	0.162108245840679	71.2914950716239
133	OTU_235	1814	0.161840593260865	71.4533356648847
134	OTU_243	1802	0.160769982941609	71.6141056478263
135	OTU_115	1795	0.160145460255376	71.7742511080817
136	OTU_62	1781	0.158896414882911	71.9331475229646
137	OTU_307	1775	0.158361109723283	72.0915086326879
138	OTU_157	1739	0.155149278765515	72.2466579114534
139	OTU_208	1671	0.149082486956398	72.3957403984098
140	OTU_150	1666	0.148636399323374	72.5443767977332
141	OTU_192	1663	0.14836874674356	72.6927455444768
142	OTU_891	1660	0.148101094163746	72.8408466386405
143	OTU_114	1657	0.147833441583932	72.9886800802244
144	OTU_283	1639	0.146227526105048	73.1349076063295
145	OTU_180	1636	0.145959873525234	73.2808674798547
146	OTU_74	1602	0.142926477620676	73.4237939574754
147	OTU_334	1598	0.142569607514257	73.5663635649897
148	OTU_149	1564	0.139536211609698	73.7058997765994
149	OTU_280	1558	0.13900090645007	73.8449006830494
150	OTU_173	1546	0.137930296130814	73.9828309791802
151	OTU_134	1531	0.136592033231744	74.119423012412
152	OTU_190	1528	0.13632438065193	74.2557473930639
153	OTU_72	1524	0.135967510545512	74.3917149036094
154	OTU_111	1514	0.135075335279465	74.5267902388889
155	OTU_100	1501	0.133915507433604	74.6607057463225
156	OTU_86	1488	0.132755679587744	74.7934614259102
157	OTU_267	1487	0.132666462061139	74.9261278879714
158	OTU_232	1476	0.131685069268488	75.0578129572399
159	OTU_104	1470	0.13114976410886	75.1889627213487
160	OTU_79	1453	0.12963306615658	75.3185957875053
161	OTU_4648	1442	0.128651673363929	75.4472474608692
162	OTU_165	1430	0.127581063044673	75.5748285239139
163	OTU_209	1406	0.125439842406161	75.7002683663201
164	OTU_924	1402	0.125082972299742	75.8253513386198
165	OTU_144	1402	0.125082972299742	75.9504343109195
166	OTU_160	1395	0.12445844961351	76.0748927605331
167	OTU_73	1390	0.124012361980486	76.1989051225136
168	OTU_405	1373	0.122495664028207	76.3214007865418
169	OTU_141	1344	0.119908355756672	76.4413091422984
170	OTU_129	1336	0.119194615543834	76.5605037578423
171	OTU_958	1309	0.116785742325508	76.6772895001678
172	OTU_91	1290	0.11509060932002	76.7923801094878
173	OTU_3455	1279	0.114109216527368	76.9064893260152
174	OTU_109	1277	0.113930781474159	77.0204201074893
175	OTU_433	1262	0.112592518575089	77.1330126260644
176	OTU_143	1256	0.112057213415461	77.2450698394799
177	OTU_127	1253	0.111789560835647	77.3568594003155
178	OTU_92	1217	0.108577729877879	77.4654371301934
179	OTU_108	1210	0.107953207191646	77.573390337385
180	OTU_138	1194	0.106525726765972	77.679916064151
181	OTU_126	1182	0.105455116446716	77.7853711805977
182	OTU_87	1173	0.104652158707274	77.890023339305
183	OTU_239	1171	0.104473723654064	77.994497062959
184	OTU_89	1160	0.103492330861413	78.0979893938205
185	OTU_146	1155	0.10304624322839	78.2010356370488
186	OTU_384	1145	0.102154067962343	78.3031897050112
187	OTU_286	1126	0.100458934956854	78.403648639968
188	OTU_484	1126	0.100458934956854	78.5041075749249
189	OTU_672	1120	0.0999236297972264	78.6040312047221
190	OTU_273	1100	0.0981392792651331	78.7021704839872
191	OTU_200	1097	0.0978716266853191	78.8000421106726
192	OTU_226	1077	0.0960872761532258	78.8961293868258
193	OTU_1161	1076	0.0959980586266211	78.9921274454524
194	OTU_94	1074	0.0958196235734118	79.0879470690258
195	OTU_590	1072	0.0956411885202024	79.183588257546
196	OTU_409	1068	0.0952843184137838	79.2788725759598
197	OTU_237	1068	0.0952843184137838	79.3741568943736
198	OTU_292	1065	0.0950166658339698	79.4691735602076
199	OTU_119	1063	0.0948382307807604	79.5640117909883
200	OTU_189	1054	0.0940352730413184	79.6580470640296
201	OTU_229	1044	0.0931430977752718	79.7511901618049
202	OTU_107	1042	0.0929646627220624	79.844154824527
203	OTU_148	1038	0.0926077926156438	79.9367626171426
204	OTU_4120	1037	0.0925185750890391	80.0292811922317
205	OTU_279	1035	0.0923401400358298	80.1216213322675
206	OTU_1482	1032	0.0920724874560158	80.2136938197235
207	OTU_199	1029	0.0918048348762018	80.3054986545997
208	OTU_416	1017	0.0907342245569458	80.3962328791567
209	OTU_182	1014	0.0904665719771318	80.4866994511338
210	OTU_191	1014	0.0904665719771318	80.5771660231109
211	OTU_159	1014	0.0904665719771318	80.6676325950881
212	OTU_196	1014	0.0904665719771318	80.7580991670652
213	OTU_270	1010	0.0901097018707131	80.8482088689359
214	OTU_1882	997	0.0889498740248524	80.9371587429607
215	OTU_181	996	0.0888606564982478	81.026019399459
216	OTU_151	990	0.0883253513386198	81.1143447507976
217	OTU_118	986	0.0879684812322011	81.2023132320298
218	OTU_1383	982	0.0876116111257824	81.2899248431556
219	OTU_480	979	0.0873439585459684	81.3772688017016
220	OTU_223	977	0.0871655234927591	81.4644343251943
221	OTU_507	960	0.0856488255404798	81.5500831507348
222	OTU_748	956	0.0852919554340611	81.6353751061689
223	OTU_203	955	0.0852027379074564	81.7205778440763
224	OTU_2737	949	0.0846674327478285	81.8052452768241
225	OTU_188	948	0.0845782152212238	81.8898234920454
226	OTU_164	941	0.0839536925349911	81.9737771845804
227	OTU_194	940	0.0838644750083865	82.0576416595887
228	OTU_257	937	0.0835968224285725	82.1412384820173
229	OTU_332	937	0.0835968224285725	82.2248353044459
230	OTU_163	931	0.0830615172689445	82.3078968217148
231	OTU_121	925	0.0825262121093165	82.3904230338241
232	OTU_125	922	0.0822585595295025	82.4726815933537
233	OTU_140	914	0.0815448193166651	82.5542264126703
234	OTU_264	913	0.0814556017900605	82.6356820144604
235	OTU_186	905	0.0807418615772231	82.7164238760376
236	OTU_2039	898	0.0801173388909905	82.7965412149286
237	OTU_120	889	0.0793143811515485	82.8758555960801
238	OTU_729	888	0.0792251636249438	82.9550807597051
239	OTU_161	888	0.0792251636249438	83.03430592333
240	OTU_201	875	0.0780653357790831	83.1123712591091
241	OTU_234	875	0.0780653357790831	83.1904365948882
242	OTU_219	865	0.0771731605130365	83.2676097554012
243	OTU_193	862	0.0769055079332225	83.3445152633344
244	OTU_207	856	0.0763702027735945	83.420885466108
245	OTU_117	849	0.0757456800873618	83.4966311461954
246	OTU_227	847	0.0755672450341525	83.5721983912295
247	OTU_689	844	0.0752995924543385	83.6474979836839
248	OTU_1718	844	0.0752995924543385	83.7227975761382
249	OTU_404	843	0.0752103749277338	83.798007951066
250	OTU_368	840	0.0749427223479198	83.8729506734139
251	OTU_136	840	0.0749427223479198	83.9478933957618
252	OTU_170	834	0.0744074171882918	84.0223008129501
253	OTU_174	832	0.0742289821350825	84.0965297950852
254	OTU_184	830	0.0740505470818731	84.170580342167
255	OTU_319	825	0.0736044594488498	84.2441848016159
256	OTU_314	823	0.0734260243956405	84.3176108260115
257	OTU_253	816	0.0728015017094078	84.3904123277209
258	OTU_213	813	0.0725338491295938	84.4629461768505
259	OTU_269	812	0.0724446316029892	84.5353908084535
260	OTU_179	811	0.0723554140763845	84.6077462225299
261	OTU_358	810	0.0722661965497798	84.6800124190797
262	OTU_3475	807	0.0719985439699658	84.7520109630497
263	OTU_326	806	0.0719093264433611	84.823920289493
264	OTU_597	800	0.0713740212837331	84.8952943107767
265	OTU_2387	798	0.0711955862305238	84.9664898970073
266	OTU_128	798	0.0711955862305238	85.0376854832378
267	OTU_275	795	0.0709279336507098	85.1086134168885
268	OTU_420	791	0.0705710635442912	85.1791844804328
269	OTU_216	788	0.0703034109644771	85.2494878913973
270	OTU_240	786	0.0701249759112678	85.3196128673085
271	OTU_1987	786	0.0701249759112678	85.3897378432198
272	OTU_145	781	0.0696788882782445	85.4594167314981
273	OTU_1753	778	0.0694112356984305	85.5288279671965
274	OTU_312	773	0.0689651480654072	85.5977931152619
275	OTU_139	766	0.0683406253791745	85.6661337406411
276	OTU_422	757	0.0675376676397325	85.7336714082808
277	OTU_1364	756	0.0674484501131278	85.8011198583939
278	OTU_131	755	0.0673592325865232	85.8684790909805
279	OTU_3176	753	0.0671807975333138	85.9356598885138
280	OTU_331	752	0.0670915800067092	86.0027514685205
281	OTU_706	751	0.0670023624801045	86.0697538310006
282	OTU_124	746	0.0665562748470812	86.1363101058477
283	OTU_1893	746	0.0665562748470812	86.2028663806948
284	OTU_252	745	0.0664670573204765	86.2693334380152
285	OTU_166	739	0.0659317521608485	86.3352651901761
286	OTU_233	739	0.0659317521608485	86.4011969423369
287	OTU_220	737	0.0657533171076392	86.4669502594446
288	OTU_506	736	0.0656640995810345	86.5326143590256
289	OTU_581	730	0.0651287944214065	86.597743153447
290	OTU_218	720	0.0642366191553598	86.6619797726024
291	OTU_205	720	0.0642366191553598	86.7262163917577
292	OTU_317	711	0.0634336614159178	86.7896500531737
293	OTU_137	710	0.0633444438893132	86.852994497063
294	OTU_544	709	0.0632552263627085	86.9162497234257
295	OTU_742	707	0.0630767913094992	86.9793265147352
296	OTU_436	702	0.0626307036764758	87.0419572184117
297	OTU_426	702	0.0626307036764758	87.1045879220881
298	OTU_175	701	0.0625414861498712	87.167129408238
299	OTU_1202	699	0.0623630510966618	87.2294924593347
300	OTU_345	698	0.0622738335700572	87.2917662929047
301	OTU_133	698	0.0622738335700572	87.3540401264748
302	OTU_265	696	0.0620953985168478	87.4161355249916
303	OTU_176	693	0.0618277459370338	87.4779632709287
304	OTU_442	692	0.0617385284104292	87.5397017993391
305	OTU_464	692	0.0617385284104292	87.6014403277495
306	OTU_2939	687	0.0612924407774058	87.6627327685269
307	OTU_154	684	0.0610247881975918	87.7237575567245
308	OTU_185	683	0.0609355706709872	87.7846931273955
309	OTU_407	682	0.0608463531443825	87.8455394805399
310	OTU_515	682	0.0608463531443825	87.9063858336843
311	OTU_225	681	0.0607571356177778	87.9671429693021
312	OTU_3381	673	0.0600433954049405	88.027186364707
313	OTU_230	671	0.0598649603517312	88.0870513250587
314	OTU_152	669	0.0596865252985218	88.1467378503573
315	OTU_168	667	0.0595080902453125	88.2062459406026
316	OTU_3335	663	0.0591512201388938	88.2653971607415
317	OTU_1204	661	0.0589727850856845	88.3243699458272
318	OTU_153	651	0.0580806098196378	88.3824505556468
319	OTU_342	650	0.0579913922930332	88.4404419479398
320	OTU_236	649	0.0579021747664285	88.4983441227063
321	OTU_348	643	0.0573668696068005	88.5557109923131
322	OTU_374	640	0.0570992170269865	88.61281020934
323	OTU_245	640	0.0570992170269865	88.669909426367
324	OTU_594	640	0.0570992170269865	88.727008643394
325	OTU_618	634	0.0565639118673585	88.7835725552614
326	OTU_274	631	0.0562962592875445	88.8398688145489
327	OTU_147	628	0.0560286067077305	88.8958974212566
328	OTU_291	626	0.0558501716545212	88.9517475929112
329	OTU_169	622	0.0554933015481025	89.0072408944593
330	OTU_355	618	0.0551364314416839	89.062377325901
331	OTU_217	618	0.0551364314416839	89.1175137573426
332	OTU_682	617	0.0550472139150792	89.1725609712577
333	OTU_448	613	0.0546903438086605	89.2272513150664
334	OTU_142	612	0.0546011262820559	89.2818524413484
335	OTU_310	608	0.0542442561756372	89.3360966975241
336	OTU_222	606	0.0540658211224279	89.3901625186465
337	OTU_2561	606	0.0540658211224279	89.4442283397689
338	OTU_171	605	0.0539766035958232	89.4982049433647
339	OTU_344	603	0.0537981685426139	89.5520031119073
340	OTU_452	603	0.0537981685426139	89.60580128045
341	OTU_421	597	0.0532628633829859	89.6590641438329
342	OTU_1006	597	0.0532628633829859	89.7123270072159
343	OTU_543	592	0.0528167757499625	89.7651437829659
344	OTU_158	585	0.0521922530637299	89.8173360360296
345	OTU_197	582	0.0519246004839159	89.8692606365135
346	OTU_262	579	0.0516569479041019	89.9209175844176
347	OTU_294	577	0.0514785128508925	89.9723960972685
348	OTU_1051	577	0.0514785128508925	90.0238746101194
349	OTU_183	575	0.0513000777976832	90.0751746879171
350	OTU_600	567	0.0505863375848459	90.1257610255019
351	OTU_272	554	0.0494265097389852	90.1751875352409
352	OTU_839	553	0.0493372922123805	90.2245248274533
353	OTU_1704	551	0.0491588571591712	90.2736836846125
354	OTU_249	551	0.0491588571591712	90.3228425417716
355	OTU_202	549	0.0489804221059619	90.3718229638776
356	OTU_210	547	0.0488019870527525	90.4206249509304
357	OTU_2469	547	0.0488019870527525	90.4694269379831
358	OTU_284	533	0.0475529416802872	90.5169798796634
359	OTU_1620	532	0.0474637241536825	90.5644436038171
360	OTU_167	532	0.0474637241536825	90.6119073279708
361	OTU_727	530	0.0472852891004732	90.6591926170713
362	OTU_360	529	0.0471960715738685	90.7063886886451
363	OTU_195	526	0.0469284189940545	90.7533171076392
364	OTU_1405	524	0.0467499839408452	90.80006709158
365	OTU_1375	524	0.0467499839408452	90.8468170755209
366	OTU_322	524	0.0467499839408452	90.8935670594617
367	OTU_178	517	0.0461254612546125	90.9396925207163
368	OTU_306	517	0.0461254612546125	90.9858179819709
369	OTU_2615	516	0.0460362437280079	91.031854225699
370	OTU_4174	514	0.0458578086747986	91.0777120343737
371	OTU_2489	512	0.0456793736215892	91.1233914079953
372	OTU_250	511	0.0455901560949845	91.1689815640903
373	OTU_443	508	0.0453225035151706	91.2143040676055
374	OTU_336	507	0.0452332859885659	91.2595373535941
375	OTU_2771	507	0.0452332859885659	91.3047706395826
376	OTU_554	506	0.0451440684619612	91.3499147080446
377	OTU_346	499	0.0445195457757286	91.3944342538203
378	OTU_412	498	0.0444303282491239	91.4388645820695
379	OTU_535	498	0.0444303282491239	91.4832949103186
380	OTU_4483	496	0.0442518931959146	91.5275468035145
381	OTU_652	496	0.0442518931959146	91.5717986967104
382	OTU_204	494	0.0440734581427052	91.6158721548531
383	OTU_260	489	0.0436273705096819	91.6594995253628
384	OTU_228	488	0.0435381529830772	91.7030376783459
385	OTU_315	487	0.0434489354564726	91.7464866138023
386	OTU_338	482	0.0430028478234492	91.7894894616258
387	OTU_1201	479	0.0427351952436352	91.8322246568694
388	OTU_198	478	0.0426459777170306	91.8748706345865
389	OTU_347	477	0.0425567601904259	91.9174273947769
390	OTU_309	475	0.0423783251372166	91.9598057199141
391	OTU_391	474	0.0422891076106119	92.0020948275247
392	OTU_394	474	0.0422891076106119	92.0443839351353
393	OTU_293	473	0.0421998900840072	92.0865838252193
394	OTU_486	473	0.0421998900840072	92.1287837153033
395	OTU_231	472	0.0421106725574026	92.1708943878607
396	OTU_187	470	0.0419322375041932	92.2128266253649
397	OTU_956	470	0.0419322375041932	92.2547588628691
398	OTU_396	468	0.0417538024509839	92.2965126653201
399	OTU_509	465	0.0414861498711699	92.3379988151913
400	OTU_214	460	0.0410400622381466	92.3790388774295
401	OTU_349	457	0.0407724096583326	92.4198112870878
402	OTU_1940	454	0.0405047570785186	92.4603160441663
403	OTU_1568	451	0.0402371044987046	92.500553148665
404	OTU_494	450	0.0401478869720999	92.5407010356371
405	OTU_397	448	0.0399694519188906	92.580670487556
406	OTU_378	448	0.0399694519188906	92.6206399394749
407	OTU_316	446	0.0397910168656812	92.6604309563406
408	OTU_390	444	0.0396125818124719	92.700043538153
409	OTU_681	444	0.0396125818124719	92.7396561199655
410	OTU_206	441	0.0393449292326579	92.7790010491982
411	OTU_1317	440	0.0392557117060532	92.8182567609042
412	OTU_790	439	0.0391664941794486	92.8574232550837
413	OTU_402	439	0.0391664941794486	92.8965897492631
414	OTU_462	438	0.0390772766528439	92.935667025916
415	OTU_247	437	0.0389880591262392	92.9746550850422
416	OTU_4335	435	0.0388096240730299	93.0134647091152
417	OTU_288	435	0.0388096240730299	93.0522743331883
418	OTU_211	430	0.0383635364400066	93.0906378696283
419	OTU_302	429	0.0382743189134019	93.1289121885417
420	OTU_251	427	0.0380958838601926	93.1670080724019
421	OTU_354	425	0.0379174488069832	93.2049255212088
422	OTU_381	424	0.0378282312803786	93.2427537524892
423	OTU_3265	423	0.0377390137537739	93.280492766243
424	OTU_3114	423	0.0377390137537739	93.3182317799968
425	OTU_382	422	0.0376497962271692	93.355881576224
426	OTU_513	421	0.0375605787005646	93.3934421549245
427	OTU_599	420	0.0374713611739599	93.4309135160985
428	OTU_212	416	0.0371144910675412	93.468028007166
429	OTU_3361	415	0.0370252735409366	93.5050532807069
430	OTU_296	414	0.0369360560143319	93.5419893367213
431	OTU_359	412	0.0367576209611226	93.5787469576824
432	OTU_323	411	0.0366684034345179	93.6154153611169
433	OTU_221	411	0.0366684034345179	93.6520837645514
434	OTU_1984	406	0.0362223158014946	93.6883060803529
435	OTU_700	403	0.0359546632216806	93.7242607435746
436	OTU_238	402	0.0358654456950759	93.7601261892697
437	OTU_949	400	0.0356870106418666	93.7958131999116
438	OTU_2855	399	0.0355977931152619	93.8314109930268
439	OTU_775	399	0.0355977931152619	93.8670087861421
440	OTU_4630	397	0.0354193580620526	93.9024281442041
441	OTU_566	396	0.0353301405354479	93.9377582847396
442	OTU_453	393	0.0350624879556339	93.9728207726952
443	OTU_526	393	0.0350624879556339	94.0078832606508
444	OTU_485	392	0.0349732704290292	94.0428565310799
445	OTU_490	392	0.0349732704290292	94.0778298015089
446	OTU_392	391	0.0348840529024246	94.1127138544113
447	OTU_261	391	0.0348840529024246	94.1475979073138
448	OTU_242	389	0.0347056178492152	94.182303525163
449	OTU_246	388	0.0346164003226106	94.2169199254856
450	OTU_2102	387	0.0345271827960059	94.2514471082816
451	OTU_467	387	0.0345271827960059	94.2859742910776
452	OTU_413	386	0.0344379652694012	94.320412256347
453	OTU_224	386	0.0344379652694012	94.3548502216164
454	OTU_341	383	0.0341703126895872	94.389020534306
455	OTU_2803	381	0.0339918776363779	94.4230124119424
456	OTU_3910	381	0.0339918776363779	94.4570042895788
457	OTU_301	381	0.0339918776363779	94.4909961672151
458	OTU_438	381	0.0339918776363779	94.5249880448515
459	OTU_430	380	0.0339026601097732	94.5588907049613
460	OTU_256	379	0.0338134425831686	94.5927041475445
461	OTU_330	379	0.0338134425831686	94.6265175901276
462	OTU_258	379	0.0338134425831686	94.6603310327108
463	OTU_811	378	0.0337242250565639	94.6940552577674
464	OTU_493	377	0.0336350075299592	94.7276902652973
465	OTU_311	375	0.0334565724767499	94.7611468377741
466	OTU_450	374	0.0333673549501452	94.7945141927242
467	OTU_530	373	0.0332781374235406	94.8277923301478
468	OTU_276	373	0.0332781374235406	94.8610704675713
469	OTU_1671	372	0.0331889198969359	94.8942593874682
470	OTU_337	370	0.0330104848437266	94.927269872312
471	OTU_350	368	0.0328320497905173	94.9601019221025
472	OTU_263	367	0.0327428322639126	94.9928447543664
473	OTU_440	366	0.0326536147373079	95.0254983691037
474	OTU_3175	366	0.0326536147373079	95.058151983841
475	OTU_393	365	0.0325643972107032	95.0907163810517
476	OTU_640	363	0.0323859621574939	95.1231023432092
477	OTU_375	361	0.0322075271042846	95.1553098703135
478	OTU_508	359	0.0320290920510753	95.1873389623646
479	OTU_255	354	0.0315830044180519	95.2189219667826
480	OTU_298	354	0.0315830044180519	95.2505049712007
481	OTU_1062	351	0.0313153518382379	95.2818203230389
482	OTU_556	350	0.0312261343116333	95.3130464573506
483	OTU_244	349	0.0311369167850286	95.3441833741356
484	OTU_852	349	0.0311369167850286	95.3753202909206
485	OTU_401	348	0.0310476992584239	95.406367990179
486	OTU_389	346	0.0308692642052146	95.4372372543842
487	OTU_300	345	0.0307800466786099	95.4680173010629
488	OTU_353	343	0.0306016116254006	95.4986189126883
489	OTU_806	343	0.0306016116254006	95.5292205243137
490	OTU_1804	343	0.0306016116254006	95.5598221359391
491	OTU_362	338	0.0301555239923773	95.5899776599314
492	OTU_325	337	0.0300663064657726	95.6200439663972
493	OTU_487	336	0.0299770889391679	95.6500210553364
494	OTU_662	335	0.0298878714125633	95.6799089267489
495	OTU_429	334	0.0297986538859586	95.7097075806349
496	OTU_318	333	0.0297094363593539	95.7394170169943
497	OTU_500	333	0.0297094363593539	95.7691264533536
498	OTU_518	332	0.0296202188327493	95.7987466721864
499	OTU_550	332	0.0296202188327493	95.8283668910191
500	OTU_978	331	0.0295310013061446	95.8578978923252
501	OTU_476	331	0.0295310013061446	95.8874288936314
502	OTU_335	331	0.0295310013061446	95.9169598949375
503	OTU_333	330	0.0294417837795399	95.9464016787171
504	OTU_497	328	0.0292633487263306	95.9756650274434
505	OTU_339	328	0.0292633487263306	96.0049283761697
506	OTU_343	327	0.0291741311997259	96.0341025073695
507	OTU_1946	326	0.0290849136731213	96.0631874210426
508	OTU_290	323	0.0288172610933073	96.0920046821359
509	OTU_271	321	0.0286388260400979	96.120643508176
510	OTU_2876	321	0.0286388260400979	96.1492823342161
511	OTU_2129	320	0.0285496085134933	96.1778319427296
512	OTU_295	320	0.0285496085134933	96.206381551243
513	OTU_427	320	0.0285496085134933	96.2349311597565
514	OTU_784	319	0.0284603909868886	96.2633915507434
515	OTU_657	315	0.0281035208804699	96.2914950716239
516	OTU_287	314	0.0280143033538653	96.3195093749778
517	OTU_361	313	0.0279250858272606	96.347434460805
518	OTU_693	310	0.0276574332474466	96.3750918940525
519	OTU_1909	309	0.0275682157208419	96.4026601097733
520	OTU_2656	309	0.0275682157208419	96.4302283254942
521	OTU_2563	308	0.0274789981942373	96.4577073236884
522	OTU_527	308	0.0274789981942373	96.4851863218826
523	OTU_281	307	0.0273897806676326	96.5125761025503
524	OTU_328	307	0.0273897806676326	96.5399658832179
525	OTU_478	305	0.0272113456144233	96.5671772288323
526	OTU_370	305	0.0272113456144233	96.5943885744467
527	OTU_444	304	0.0271221280878186	96.6215107025346
528	OTU_701	304	0.0271221280878186	96.6486328306224
529	OTU_598	302	0.0269436930346093	96.675576523657
530	OTU_483	298	0.0265868229281906	96.7021633465852
531	OTU_289	296	0.0264083878749813	96.7285717344602
532	OTU_324	295	0.0263191703483766	96.7548909048085
533	OTU_1181	294	0.0262299528217719	96.7811208576303
534	OTU_367	293	0.0261407352951673	96.8072615929255
535	OTU_584	293	0.0261407352951673	96.8334023282207
536	OTU_3177	293	0.0261407352951673	96.8595430635158
537	OTU_285	292	0.0260515177685626	96.8855945812844
538	OTU_1636	291	0.0259623002419579	96.9115568815264
539	OTU_473	289	0.0257838651887486	96.9373407467151
540	OTU_3989	286	0.0255162126089346	96.962856959324
541	OTU_303	285	0.0254269950823299	96.9882839544064
542	OTU_387	283	0.0252485600291206	97.0135325144355
543	OTU_1348	282	0.0251593425025159	97.038691856938
544	OTU_398	281	0.0250701249759113	97.0637619819139
545	OTU_463	281	0.0250701249759113	97.0888321068898
546	OTU_372	280	0.0249809074493066	97.1138130143391
547	OTU_299	280	0.0249809074493066	97.1387939217884
548	OTU_446	280	0.0249809074493066	97.1637748292377
549	OTU_753	277	0.0247132548694926	97.1884880841072
550	OTU_1021	276	0.0246240373428879	97.2131121214501
551	OTU_320	276	0.0246240373428879	97.237736158793
552	OTU_305	274	0.0244456022896786	97.2621817610827
553	OTU_425	274	0.0244456022896786	97.2866273633724
554	OTU_591	272	0.0242671672364693	97.3108945306088
555	OTU_477	270	0.0240887321832599	97.3349832627921
556	OTU_380	268	0.0239102971300506	97.3588935599221
557	OTU_410	268	0.0239102971300506	97.3828038570522
558	OTU_1702	266	0.0237318620768413	97.406535719129
559	OTU_647	265	0.0236426445502366	97.4301783636793
560	OTU_468	265	0.0236426445502366	97.4538210082295
561	OTU_2594	264	0.0235534270236319	97.4773744352531
562	OTU_3879	263	0.0234642094970273	97.5008386447501
563	OTU_308	262	0.0233749919704226	97.5242136367206
564	OTU_1974	257	0.0229289043373993	97.547142541058
565	OTU_406	257	0.0229289043373993	97.5700714453954
566	OTU_469	256	0.0228396868107946	97.5929111322062
567	OTU_447	255	0.0227504692841899	97.6156616014904
568	OTU_379	254	0.0226612517575853	97.638322853248
569	OTU_932	254	0.0226612517575853	97.6609841050055
570	OTU_383	252	0.0224828167043759	97.6834669217099
571	OTU_799	250	0.0223043816511666	97.7057713033611
572	OTU_525	250	0.0223043816511666	97.7280756850123
573	OTU_842	249	0.0222151641245619	97.7502908491368
574	OTU_456	248	0.0221259465979573	97.7724167957348
575	OTU_695	248	0.0221259465979573	97.7945427423327
576	OTU_632	243	0.0216798589649339	97.8162226012977
577	OTU_762	241	0.0215014239117246	97.8377240252094
578	OTU_975	240	0.0214122063851199	97.8591362315945
579	OTU_4117	238	0.0212337713319106	97.8803700029264
580	OTU_914	237	0.0211445538053059	97.9015145567317
581	OTU_3747	236	0.0210553362787013	97.9225698930104
582	OTU_475	232	0.0206984661722826	97.9432683591827
583	OTU_576	232	0.0206984661722826	97.963966825355
584	OTU_357	231	0.0206092486456779	97.9845760740007
585	OTU_472	230	0.0205200311190733	98.0050961051197
586	OTU_386	227	0.0202523785392593	98.025348483659
587	OTU_723	227	0.0202523785392593	98.0456008621982
588	OTU_676	226	0.0201631610126546	98.0657640232109
589	OTU_557	224	0.0199847259594453	98.0857487491703
590	OTU_560	224	0.0199847259594453	98.1057334751298
591	OTU_2534	222	0.0198062909062359	98.125539766036
592	OTU_771	222	0.0198062909062359	98.1453460569423
593	OTU_1152	222	0.0198062909062359	98.1651523478485
594	OTU_671	220	0.0196278558530266	98.1847802037015
595	OTU_611	216	0.0192709857466079	98.2040511894481
596	OTU_495	214	0.0190925506933986	98.2231437401415
597	OTU_1783	211	0.0188248981135846	98.2419686382551
598	OTU_593	210	0.01873568058698	98.2607043188421
599	OTU_371	210	0.01873568058698	98.2794399994291
600	OTU_423	210	0.01873568058698	98.2981756800161
601	OTU_551	205	0.0182895929539566	98.31646527297
602	OTU_728	203	0.0181111579007473	98.3345764308708
603	OTU_408	202	0.0180219403741426	98.3525983712449
604	OTU_428	200	0.0178435053209333	98.3704418765658
605	OTU_1917	198	0.017665070267724	98.3881069468336
606	OTU_400	198	0.017665070267724	98.4057720171013
607	OTU_411	194	0.0173082001613053	98.4230802172626
608	OTU_458	193	0.0172189826347006	98.4402991998973
609	OTU_1596	190	0.0169513300548866	98.4572505299522
610	OTU_424	188	0.0167728950016773	98.4740234249539
611	OTU_719	187	0.0166836774750726	98.4907071024289
612	OTU_587	187	0.0166836774750726	98.507390779904
613	OTU_833	186	0.016594459948468	98.5239852398525
614	OTU_636	185	0.0165052424218633	98.5404904822743
615	OTU_836	181	0.0161483723154446	98.5566388545898
616	OTU_528	180	0.01605915478884	98.5726980093786
617	OTU_992	180	0.01605915478884	98.5887571641674
618	OTU_1985	179	0.0159699372622353	98.6047271014297
619	OTU_3508	178	0.0158807197356306	98.6206078211653
620	OTU_675	176	0.0157022846824213	98.6363101058477
621	OTU_1294	176	0.0157022846824213	98.6520123905302
622	OTU_504	173	0.0154346321026073	98.6674470226328
623	OTU_1511	173	0.0154346321026073	98.6828816547354
624	OTU_541	173	0.0154346321026073	98.698316286838
625	OTU_623	172	0.0153454145760026	98.713661701414
626	OTU_481	172	0.0153454145760026	98.72900711599
627	OTU_505	172	0.0153454145760026	98.744352530566
628	OTU_702	170	0.0151669795227933	98.7595195100888
629	OTU_1074	170	0.0151669795227933	98.7746864896116
630	OTU_579	170	0.0151669795227933	98.7898534691344
631	OTU_714	168	0.014988544469584	98.804842013604
632	OTU_454	167	0.0148993269429793	98.8197413405469
633	OTU_639	166	0.0148101094163746	98.8345514499633
634	OTU_2271	165	0.01472089188977	98.8492723418531
635	OTU_4613	163	0.0145424568365606	98.8638147986896
636	OTU_3412	161	0.0143640217833513	98.878178820473
637	OTU_626	160	0.0142748042567466	98.8924536247297
638	OTU_1238	160	0.0142748042567466	98.9067284289865
639	OTU_529	158	0.0140963692035373	98.92082479819
640	OTU_1385	157	0.0140071516769326	98.934831949867
641	OTU_3779	156	0.013917934150328	98.9487498840173
642	OTU_583	156	0.013917934150328	98.9626678181676
643	OTU_482	155	0.0138287166237233	98.9764965347913
644	OTU_522	154	0.0137394990971186	98.9902360338885
645	OTU_2014	154	0.0137394990971186	99.0039755329856
646	OTU_920	152	0.0135610640439093	99.0175365970295
647	OTU_514	152	0.0135610640439093	99.0310976610734
648	OTU_1352	150	0.0133826289907	99.0444802900641
649	OTU_971	150	0.0133826289907	99.0578629190548
650	OTU_996	149	0.0132934114640953	99.0711563305189
651	OTU_489	149	0.0132934114640953	99.084449741983
652	OTU_869	149	0.0132934114640953	99.0977431534471
653	OTU_533	148	0.0132041939374906	99.1109473473846
654	OTU_1397	147	0.013114976410886	99.1240623237954
655	OTU_2420	145	0.0129365413576766	99.1369988651531
656	OTU_635	144	0.012847323831072	99.1498461889842
657	OTU_1407	141	0.012579671251258	99.1624258602354
658	OTU_666	137	0.0122228011448393	99.1746486613803
659	OTU_571	135	0.01204436609163	99.1866930274719
660	OTU_1183	135	0.01204436609163	99.1987373935635
661	OTU_849	133	0.0118659310384206	99.210603324602
662	OTU_674	133	0.0118659310384206	99.2224692556404
663	OTU_1599	133	0.0118659310384206	99.2343351866788
664	OTU_524	132	0.011776713511816	99.2461119001906
665	OTU_875	132	0.011776713511816	99.2578886137024
666	OTU_930	128	0.0114198434053973	99.2693084571078
667	OTU_827	128	0.0114198434053973	99.2807283005132
668	OTU_614	123	0.010973755772374	99.2917020562856
669	OTU_776	123	0.010973755772374	99.302675812058
670	OTU_3881	121	0.0107953207191646	99.3134711327771
671	OTU_658	121	0.0107953207191646	99.3242664534963
672	OTU_3948	120	0.01070610319256	99.3349725566889
673	OTU_559	118	0.0105276681393506	99.3455002248282
674	OTU_683	116	0.0103492330861413	99.3558494579143
675	OTU_612	116	0.0103492330861413	99.3661986910005
676	OTU_642	115	0.0102600155595366	99.37645870656
677	OTU_972	115	0.0102600155595366	99.3867187221196
678	OTU_573	114	0.010170798032932	99.3968895201525
679	OTU_731	113	0.0100815805063273	99.4069711006588
680	OTU_745	113	0.0100815805063273	99.4170526811651
681	OTU_1001	113	0.0100815805063273	99.4271342616715
682	OTU_1932	112	0.00999236297972264	99.4371266246512
683	OTU_646	111	0.00990314545311797	99.4470297701043
684	OTU_778	111	0.00990314545311797	99.4569329155574
685	OTU_4718	109	0.00972471039990864	99.4666576259573
686	OTU_634	109	0.00972471039990864	99.4763823363572
687	OTU_585	109	0.00972471039990864	99.4861070467572
688	OTU_1603	108	0.00963549287330397	99.4957425396305
689	OTU_777	107	0.00954627534669931	99.5052888149771
690	OTU_4481	106	0.00945705782009464	99.5147458727972
691	OTU_3319	106	0.00945705782009464	99.5242029306173
692	OTU_782	105	0.00936784029348998	99.5335707709108
693	OTU_850	104	0.00927862276688531	99.5428493936777
694	OTU_4440	103	0.00918940524028064	99.552038798918
695	OTU_1047	103	0.00918940524028064	99.5612282041583
696	OTU_710	103	0.00918940524028064	99.5704176093986
697	OTU_685	102	0.00910018771367598	99.5795177971122
698	OTU_643	102	0.00910018771367598	99.5886179848259
699	OTU_4225	102	0.00910018771367598	99.5977181725396
700	OTU_873	101	0.00901097018707131	99.6067291427266
701	OTU_604	100	0.00892175266046664	99.6156508953871
702	OTU_935	99	0.00883253513386198	99.624483430521
703	OTU_821	98	0.00874331760725731	99.6332267481282
704	OTU_3349	98	0.00874331760725731	99.6419700657355
705	OTU_2193	97	0.00865410008065264	99.6506241658161
706	OTU_944	96	0.00856488255404798	99.6591890483702
707	OTU_990	96	0.00856488255404798	99.6677539309242
708	OTU_641	95	0.00847566502744331	99.6762295959517
709	OTU_1056	95	0.00847566502744331	99.6847052609791
710	OTU_974	94	0.00838644750083864	99.69309170848
711	OTU_3126	94	0.00838644750083864	99.7014781559808
712	OTU_904	91	0.00811879492102465	99.7095969509019
713	OTU_1757	90	0.00802957739441998	99.7176265282963
714	OTU_1250	89	0.00794035986781531	99.7255668881641
715	OTU_680	88	0.00785114234121065	99.7334180305053
716	OTU_740	87	0.00776192481460598	99.7411799553199
717	OTU_725	86	0.00767270728800131	99.7488526626079
718	OTU_1699	86	0.00767270728800131	99.7565253698959
719	OTU_4435	85	0.00758348976139665	99.7641088596573
720	OTU_763	84	0.00749427223479198	99.7716031318921
721	OTU_4428	83	0.00740505470818731	99.7790081866003
722	OTU_876	83	0.00740505470818731	99.7864132413085
723	OTU_759	82	0.00731583718158265	99.79372907849
724	OTU_870	80	0.00713740212837331	99.8008664806184
725	OTU_699	80	0.00713740212837331	99.8080038827468
726	OTU_752	78	0.00695896707516398	99.814962849822
727	OTU_1645	78	0.00695896707516398	99.8219218168971
728	OTU_868	71	0.00633444438893132	99.8282562612861
729	OTU_2168	70	0.00624522686232665	99.8345014881484
730	OTU_1046	66	0.00588835675590798	99.8403898449043
731	OTU_1029	65	0.00579913922930332	99.8461889841336
732	OTU_3453	65	0.00579913922930332	99.8519881233629
733	OTU_1078	63	0.00562070417609399	99.857608827539
734	OTU_1106	62	0.00553148664948932	99.8631403141885
735	OTU_916	61	0.00544226912288465	99.8685825833114
736	OTU_955	60	0.00535305159627999	99.8739356349077
737	OTU_1088	60	0.00535305159627999	99.8792886865039
738	OTU_1332	60	0.00535305159627999	99.8846417381002
739	OTU_3960	58	0.00517461654307065	99.8898163546433
740	OTU_973	56	0.00499618148986132	99.8948125361331
741	OTU_1356	56	0.00499618148986132	99.899808717623
742	OTU_1937	55	0.00490696396325665	99.9047156815862
743	OTU_1478	55	0.00490696396325665	99.9096226455495
744	OTU_4167	55	0.00490696396325665	99.9145296095127
745	OTU_1258	51	0.00455009385683799	99.9190797033696
746	OTU_979	49	0.00437165880362866	99.9234513621732
747	OTU_1556	49	0.00437165880362866	99.9278230209768
748	OTU_1874	49	0.00437165880362866	99.9321946797805
749	OTU_1091	45	0.00401478869720999	99.9362094684777
750	OTU_1276	45	0.00401478869720999	99.9402242571749
751	OTU_1109	43	0.00383635364400066	99.9440606108189
752	OTU_984	42	0.00374713611739599	99.9478077469363
753	OTU_1416	42	0.00374713611739599	99.9515548830537
754	OTU_1232	41	0.00365791859079132	99.9552128016445
755	OTU_1269	39	0.00347948353758199	99.9586922851821
756	OTU_1292	39	0.00347948353758199	99.9621717687197
757	OTU_2743	37	0.00330104848437266	99.965472817204
758	OTU_1679	37	0.00330104848437266	99.9687738656884
759	OTU_1374	33	0.00294417837795399	99.9717180440664
760	OTU_1677	32	0.00285496085134933	99.9745730049177
761	OTU_4391	31	0.00276574332474466	99.9773387482425
762	OTU_3999	29	0.00258730827153533	99.979926056514
763	OTU_1901	28	0.00249809074493066	99.9824241472589
764	OTU_1398	28	0.00249809074493066	99.9849222380039
765	OTU_1485	27	0.00240887321832599	99.9873311112222
766	OTU_1512	26	0.00231965569172133	99.9896507669139
767	OTU_1703	25	0.00223043816511666	99.991881205079
768	OTU_1616	23	0.00205200311190733	99.9939332081909
769	OTU_1632	19	0.00169513300548866	99.9956283411964
770	OTU_1623	18	0.001605915478884	99.9972342566753
771	OTU_1618	16	0.00142748042567466	99.998661737101
772	OTU_2157	15	0.00133826289907	100
