1	OTU_2	130461	4.25443172009015	4.25443172009015
2	OTU_3	122634	3.9991873399831	8.25361906007325
3	OTU_1	116749	3.8072730462652	12.0608921063385
4	OTU_4	100127	3.26521707512181	15.3261091814603
5	OTU_5	95878	3.12665397673484	18.4527631581951
6	OTU_10	93829	3.05983453955081	21.5125976977459
7	OTU_6	84003	2.73940126001436	24.2519989577603
8	OTU_7	75357	2.45744867148675	26.709447629247
9	OTU_9	64107	2.09057767669893	28.800025305946
10	OTU_11	58726	1.91509920354753	30.7151245094935
11	OTU_13	54820	1.7877215941572	32.5028461036507
12	OTU_25	49744	1.62218940130893	34.1250355049596
13	OTU_19	42849	1.39733824494786	35.5223737499075
14	OTU_14	41807	1.36335783814173	36.8857315880492
15	OTU_15	41341	1.34816122626875	38.2338928143179
16	OTU_22	40205	1.31111540848395	39.5450082228019
17	OTU_17	36685	1.19632555055923	40.7413337733611
18	OTU_38	36575	1.19273836749908	41.9340721408602
19	OTU_18	32234	1.05117507964362	42.9852472205038
20	OTU_41	32223	1.0508163613376	44.0360635818414
21	OTU_94	31991	1.0432506661562	45.0793142479976
22	OTU_24	30103	0.98168156054203	46.0609958085396
23	OTU_12	27568	0.899013296383174	46.9600091049228
24	OTU_21	27320	0.890925829120295	47.8509349340431
25	OTU_26	24509	0.799256996555978	48.6501919305991
26	OTU_46	23301	0.759863204404539	49.4100551350036
27	OTU_45	23024	0.750830025243986	50.1608851602476
28	OTU_57	21100	0.688086932446495	50.8489720926941
29	OTU_30	20511	0.668879197697159	51.5178512903913
30	OTU_29	20017	0.652769484681587	52.1706207750728
31	OTU_122	19693	0.642203600031698	52.8128243751045
32	OTU_34	19491	0.635616227503063	53.4484406026076
33	OTU_49	19463	0.63470312636048	54.0831437289681
34	OTU_33	19017	0.620158729589336	54.7033024585574
35	OTU_36	18836	0.614256182917639	55.3175586414751
36	OTU_31	18746	0.611321214959336	55.9288798564344
37	OTU_32	18229	0.594461454576642	56.523341311011
38	OTU_35	17976	0.586210933538303	57.1095522445493
39	OTU_37	17332	0.565209607258893	57.6747618518082
40	OTU_60	17158	0.559535335872842	58.2342971876811
41	OTU_1259	16839	0.549132504998413	58.7834296926795
42	OTU_28	16446	0.536316478247159	59.3197461709267
43	OTU_23	16003	0.521869913741292	59.8416160846679
44	OTU_40	15554	0.507227684704871	60.3488437693728
45	OTU_44	15391	0.501912131624834	60.8507559009977
46	OTU_48	14870	0.484921928221771	61.3356778292194
47	OTU_20	14418	0.470181866920074	61.8058596961395
48	OTU_47	13858	0.451919844068413	62.2577795402079
49	OTU_52	13715	0.447256506090222	62.7050360462981
50	OTU_50	13586	0.443049718683321	63.1480857649815
51	OTU_42	13545	0.441712677724539	63.589798442706
52	OTU_55	13533	0.441321348663432	64.0311197913694
53	OTU_54	13020	0.424592031301107	64.4557118226705
54	OTU_43	12485	0.407145277326753	64.8628570999973
55	OTU_3218	12169	0.396840278717602	65.2596973787149
56	OTU_51	12150	0.396220674370849	65.6559180530857
57	OTU_16	11166	0.364131691360074	66.0200497444458
58	OTU_53	10630	0.346652326630627	66.3667020710764
59	OTU_82	10051	0.327770699432214	66.6944727705086
60	OTU_61	9812	0.319976728965166	67.0144494994738
61	OTU_65	9641	0.314400289844391	67.3288497893182
62	OTU_59	9444	0.307975971091218	67.6368257604094
63	OTU_69	9256	0.301845149133875	67.9386709095433
64	OTU_64	9223	0.30076899421583	68.2394399037591
65	OTU_77	8524	0.277974076406347	68.5174139801655
66	OTU_66	8472	0.27627831714155	68.793692297307
67	OTU_67	8080	0.263494901145388	69.0571871984524
68	OTU_71	8039	0.262157860186605	69.319345058639
69	OTU_27	7848	0.255929205963985	69.575274264603
70	OTU_2753	7824	0.255146547841771	69.8304208124448
71	OTU_83	7774	0.253516010087159	70.0839368225319
72	OTU_72	7714	0.251559364781624	70.3354961873136
73	OTU_63	7557	0.24643947623214	70.5819356635457
74	OTU_84	7401	0.241352198437749	70.8232878619834
75	OTU_80	7341	0.239395553132214	71.0626834151157
76	OTU_74	7311	0.238417230479447	71.3011006455951
77	OTU_73	7106	0.231732025685535	71.5328326712806
78	OTU_78	6858	0.223644558422657	71.7564772297033
79	OTU_98	6823	0.222503181994428	71.9789804116977
80	OTU_105	6763	0.220546536688893	72.1995269483866
81	OTU_89	6755	0.220285650648155	72.4198125990348
82	OTU_108	6646	0.2167310783431	72.6365436773779
83	OTU_76	6643	0.216633246077823	72.8531769234557
84	OTU_92	6641	0.216568024567638	73.0697449480233
85	OTU_170	6621	0.215915809465793	73.2856607574891
86	OTU_96	6601	0.215263594363948	73.5009243518531
87	OTU_102	6424	0.20949149071262	73.7104158425657
88	OTU_100	6418	0.209295826182066	73.9197116687478
89	OTU_85	6392	0.208447946549668	74.1281596152974
90	OTU_75	6269	0.204436823673321	74.3325964389708
91	OTU_86	6265	0.204306380652952	74.5369028196237
92	OTU_2863	6207	0.202414956857602	74.7393177764813
93	OTU_70	6205	0.202349735347417	74.9416675118287
94	OTU_97	6113	0.19934954587893	75.1410170577076
95	OTU_87	6102	0.198990827572915	75.3400078852806
96	OTU_101	6070	0.197947283409963	75.5379551686905
97	OTU_99	5946	0.193903549778524	75.731858718469
98	OTU_81	5921	0.193088280901218	75.9249469993703
99	OTU_115	5652	0.184315987781402	76.1092629871517
100	OTU_90	5636	0.183794215699926	76.2930572028516
101	OTU_111	5616	0.183142000598081	76.4761992034497
102	OTU_112	5544	0.180794026231439	76.6569932296811
103	OTU_93	5540	0.18066358321107	76.8376568128922
104	OTU_88	5516	0.179880925088856	77.017537737981
105	OTU_91	5421	0.176782903355092	77.1943206413361
106	OTU_110	5396	0.175967634477786	77.3702882758139
107	OTU_182	5288	0.172445672927823	77.5427339487417
108	OTU_95	5259	0.171499961030148	77.7142339097719
109	OTU_177	5249	0.171173853479225	77.8854077632511
110	OTU_154	5190	0.169249818928782	78.0546575821799
111	OTU_135	5167	0.168499771561661	78.2231573537416
112	OTU_109	5143	0.167717113439447	78.390874467181
113	OTU_113	5018	0.163640769052915	78.5545152362339
114	OTU_140	4984	0.162532003379779	78.7170472396137
115	OTU_3746	4933	0.160868854870074	78.8779160944838
116	OTU_58	4839	0.157803443891402	79.0357195383752
117	OTU_103	4793	0.156303349157159	79.1920228875323
118	OTU_116	4609	0.150302970220185	79.3423258577525
119	OTU_104	4574	0.149161593791956	79.4914874515445
120	OTU_139	4517	0.147302780751697	79.6387902322962
121	OTU_119	4505	0.14691145169059	79.7857016839868
122	OTU_120	4461	0.145476578466531	79.9311782624533
123	OTU_114	4322	0.140943683508709	80.072121945962
124	OTU_126	4225	0.13778044026476	80.2099023862268
125	OTU_68	4198	0.136899949877269	80.346802336104
126	OTU_5365	4158	0.135595519673579	80.4823978557776
127	OTU_117	4152	0.135399855143026	80.6177977109206
128	OTU_204	4120	0.134356310980074	80.7521540219007
129	OTU_198	3926	0.128029824492177	80.8801838463929
130	OTU_138	3894	0.126986280329225	81.0071701267221
131	OTU_141	3878	0.126464508247749	81.1336346349699
132	OTU_137	3852	0.125616628615351	81.2592512635852
133	OTU_1333	3811	0.124279587656568	81.3835308512418
134	OTU_127	3692	0.12039890780059	81.5039297590424
135	OTU_129	3634	0.11850748400524	81.6224372430476
136	OTU_144	3449	0.112474494313173	81.7349117373608
137	OTU_130	3423	0.111626614680775	81.8465383520415
138	OTU_175	3377	0.110126519946531	81.9566648719881
139	OTU_156	3356	0.109441694089594	82.0661065660777
140	OTU_4083	3263	0.106408893866015	82.1725154599437
141	OTU_153	3235	0.105495792723432	82.2780112526671
142	OTU_118	3216	0.104876188376679	82.3828874410438
143	OTU_151	3177	0.103604368928081	82.4864918099719
144	OTU_232	3155	0.102886932316052	82.5893787422879
145	OTU_215	3149	0.102691267785498	82.6920700100734
146	OTU_373	3117	0.101647723622546	82.793717733696
147	OTU_218	3098	0.101028119275793	82.8947458529718
148	OTU_244	3055	0.0996258568068266	82.9943717097786
149	OTU_121	3043	0.0992345277457196	83.0936062375243
150	OTU_157	2981	0.09721266093	83.1908188984543
151	OTU_4945	2956	0.0963973920526938	83.287216290507
152	OTU_155	2948	0.0961365060119558	83.383352796519
153	OTU_133	2915	0.0950603510939115	83.4784131476129
154	OTU_178	2888	0.0941798607064207	83.5725930083193
155	OTU_207	2877	0.0938211424004059	83.6664141507197
156	OTU_149	2873	0.0936906993800369	83.7601048500997
157	OTU_946	2843	0.0927123767272694	83.852817226827
158	OTU_180	2825	0.0921253831356089	83.9449426099626
159	OTU_181	2822	0.0920275508703321	84.0369701608329
160	OTU_136	2802	0.0913753357684871	84.1283454966014
161	OTU_164	2797	0.0912122819930259	84.2195577785944
162	OTU_950	2797	0.0912122819930259	84.3107700605875
163	OTU_216	2790	0.0909840067073801	84.4017540672948
164	OTU_287	2780	0.0906578991564576	84.4924119664513
165	OTU_152	2758	0.0899404625444281	84.5823524289957
166	OTU_145	2727	0.0889295291365683	84.6712819581323
167	OTU_142	2677	0.0872989913819558	84.7585809495143
168	OTU_148	2670	0.08707071609631	84.8456516656106
169	OTU_8	2644	0.0862228364639115	84.9318745020745
170	OTU_217	2623	0.0855380106069742	85.0174125126814
171	OTU_173	2578	0.0840705266278229	85.1014830393093
172	OTU_239	2541	0.0828639286894096	85.1843469679987
173	OTU_166	2509	0.0818203845264576	85.2661673525251
174	OTU_424	2499	0.0814942769755351	85.3476616295007
175	OTU_163	2476	0.0807442296084133	85.4284058591091
176	OTU_160	2438	0.0795050209149078	85.507910880024
177	OTU_201	2419	0.078885416568155	85.5867962965921
178	OTU_179	2401	0.0782984229764945	85.6650947195686
179	OTU_158	2386	0.0778092616501107	85.7429039812187
180	OTU_6138	2311	0.0753634550181919	85.8182674362369
181	OTU_174	2258	0.0736350849983026	85.8919025212352
182	OTU_167	2230	0.0727219838557196	85.964624505091
183	OTU_169	2228	0.0726567623455351	86.0372812674365
184	OTU_168	2210	0.0720697687538746	86.1093510361904
185	OTU_176	2201	0.0717762719580443	86.1811273081484
186	OTU_79	2191	0.0714501644071218	86.2525774725555
187	OTU_202	2112	0.068873914754834	86.3214513873104
188	OTU_193	2107	0.0687108609793727	86.3901622482897
189	OTU_975	2065	0.0673412092654982	86.4575034575552
190	OTU_234	2039	0.0664933296330997	86.5239967871883
191	OTU_276	2024	0.0660041683067159	86.5900009554951
192	OTU_229	2000	0.0652215101845019	86.6552224656796
193	OTU_188	1979	0.0645366843275646	86.7197591500071
194	OTU_196	1962	0.0639823014909963	86.7837414514981
195	OTU_186	1878	0.0612429980632473	86.8449844495614
196	OTU_107	1864	0.0607864474919557	86.9057708970533
197	OTU_213	1841	0.060036400124834	86.9658072971781
198	OTU_208	1825	0.059514628043358	87.0253219252215
199	OTU_191	1812	0.0590906882271587	87.0844126134487
200	OTU_194	1807	0.0589276344516974	87.1433402479004
201	OTU_5649	1801	0.0587319699211439	87.2020722178215
202	OTU_251	1796	0.0585689161456827	87.2606411339672
203	OTU_359	1795	0.0585363053905904	87.3191774393578
204	OTU_305	1791	0.0584058623702214	87.377583301728
205	OTU_309	1775	0.0578840902887454	87.4354673920167
206	OTU_236	1755	0.0572318751869004	87.4926992672036
207	OTU_1828	1745	0.0569057676359779	87.5496050348396
208	OTU_224	1718	0.0560252772484871	87.6056303120881
209	OTU_195	1670	0.0544599610040591	87.6600902730922
210	OTU_2021	1665	0.0542969072285978	87.7143871803208
211	OTU_187	1635	0.0533185845758303	87.7677057648966
212	OTU_290	1629	0.0531229200452768	87.8208286849419
213	OTU_214	1627	0.0530576985350923	87.873886383477
214	OTU_4490	1612	0.0525685372087085	87.9264549206857
215	OTU_336	1608	0.0524380941883395	87.978893014874
216	OTU_256	1608	0.0524380941883395	88.0313311090624
217	OTU_321	1606	0.052372872678155	88.0837039817405
218	OTU_205	1605	0.0523402619230628	88.1360442436636
219	OTU_278	1602	0.052242429657786	88.1882866733214
220	OTU_189	1600	0.0521772081476015	88.240463881469
221	OTU_317	1568	0.0511336639846495	88.2915975454536
222	OTU_209	1567	0.0511010532295572	88.3426985986832
223	OTU_286	1545	0.0503836166175277	88.3930822153007
224	OTU_162	1545	0.0503836166175277	88.4434658319182
225	OTU_379	1521	0.0496009584953137	88.4930667904136
226	OTU_264	1519	0.0495357369851292	88.5426025273987
227	OTU_3787	1518	0.0495031262300369	88.5921056536287
228	OTU_713	1513	0.0493400724545757	88.6414457260833
229	OTU_2599	1509	0.0492096294342067	88.6906553555175
230	OTU_227	1500	0.0489161326383764	88.7395714881559
231	OTU_606	1481	0.0482965282916236	88.7878680164475
232	OTU_124	1481	0.0482965282916236	88.8361645447391
233	OTU_245	1473	0.0480356422508856	88.88420018699
234	OTU_300	1459	0.0475790916795941	88.9317792786696
235	OTU_240	1454	0.0474160379041329	88.9791953165737
236	OTU_223	1446	0.0471551518633949	89.0263504684371
237	OTU_1319	1442	0.0470247088430258	89.0733751772802
238	OTU_348	1437	0.0468616550675646	89.1202368323477
239	OTU_876	1411	0.0460137754351661	89.1662506077829
240	OTU_252	1407	0.0458833324147971	89.2121339401977
241	OTU_219	1403	0.0457528893944281	89.2578868295921
242	OTU_206	1399	0.0456224463740591	89.3035092759662
243	OTU_319	1380	0.0450028420273063	89.3485121179935
244	OTU_222	1369	0.0446441237212915	89.3931562417148
245	OTU_279	1349	0.0439919086194465	89.4371481503342
246	OTU_254	1347	0.043926687109262	89.4810748374435
247	OTU_314	1344	0.0438288548439853	89.5249036922875
248	OTU_220	1333	0.0434701365379705	89.5683738288254
249	OTU_258	1320	0.0430461967217712	89.6114200255472
250	OTU_235	1313	0.0428179214361255	89.6542379469833
251	OTU_629	1302	0.0424592031301107	89.6966971501134
252	OTU_238	1285	0.0419048202935424	89.738601970407
253	OTU_210	1283	0.0418395987833579	89.7804415691903
254	OTU_237	1279	0.0417091557629889	89.8221507249533
255	OTU_242	1271	0.0414482697222509	89.8635989946756
256	OTU_401	1257	0.0409917191509594	89.9045907138265
257	OTU_273	1254	0.0408938868856827	89.9454846007122
258	OTU_212	1249	0.0407308331102214	89.9862154338224
259	OTU_268	1247	0.0406656116000369	90.0268810454225
260	OTU_318	1246	0.0406330008449447	90.0675140462674
261	OTU_250	1243	0.0405351685796679	90.1080492148471
262	OTU_192	1238	0.0403721148042067	90.1484213296513
263	OTU_275	1228	0.0400460072532841	90.1884673369046
264	OTU_282	1225	0.0399481749880074	90.2284155118926
265	OTU_1022	1216	0.0396546781921771	90.2680701900848
266	OTU_248	1214	0.0395894566819926	90.3076596467668
267	OTU_270	1208	0.0393937921514391	90.3470534389182
268	OTU_267	1208	0.0393937921514391	90.3864472310696
269	OTU_280	1197	0.0390350738454244	90.4254823049151
270	OTU_257	1196	0.0390024630903321	90.4644847680054
271	OTU_243	1193	0.0389046308250554	90.5033893988304
272	OTU_231	1193	0.0389046308250554	90.5422940296555
273	OTU_917	1186	0.0386763555394096	90.5809703851949
274	OTU_285	1185	0.0386437447843174	90.6196141299792
275	OTU_298	1183	0.0385785232741329	90.6581926532534
276	OTU_384	1169	0.0381219727028413	90.6963146259562
277	OTU_263	1168	0.0380893619477491	90.734403987904
278	OTU_260	1163	0.0379263081722878	90.7723302960763
279	OTU_898	1154	0.0376328113764576	90.8099631074527
280	OTU_561	1153	0.0376002006213653	90.8475633080741
281	OTU_288	1128	0.0367849317440591	90.8843482398182
282	OTU_269	1121	0.0365566564584133	90.9209048962766
283	OTU_433	1116	0.036393602682952	90.9572984989595
284	OTU_266	1114	0.0363283811727675	90.9936268801323
285	OTU_311	1113	0.0362957704176753	91.02992265055
286	OTU_200	1109	0.0361653273973063	91.0660879779473
287	OTU_4830	1107	0.0361001058871218	91.1021880838344
288	OTU_272	1091	0.0355783338056458	91.13776641764
289	OTU_265	1091	0.0355783338056458	91.1733447514457
290	OTU_271	1090	0.0355457230505535	91.2088904744962
291	OTU_431	1089	0.0355131122954613	91.2444035867917
292	OTU_221	1084	0.03535005852	91.2797536453117
293	OTU_211	1075	0.0350565617241698	91.3148102070359
294	OTU_340	1075	0.0350565617241698	91.34986676876
295	OTU_350	1073	0.0349913402139853	91.384858108974
296	OTU_524	1073	0.0349913402139853	91.419849449188
297	OTU_262	1071	0.0349261187038008	91.4547755678918
298	OTU_492	1070	0.0348935079487085	91.4896690758405
299	OTU_333	1063	0.0346652326630627	91.5243343085036
300	OTU_308	1054	0.0343717358672325	91.5587060443708
301	OTU_440	1046	0.0341108498264945	91.5928168941973
302	OTU_249	1045	0.0340782390714022	91.6268951332687
303	OTU_197	1044	0.03404562831631	91.660940761585
304	OTU_744	1041	0.0339477960510332	91.6948885576361
305	OTU_165	1041	0.0339477960510332	91.7288363536871
306	OTU_5475	1041	0.0339477960510332	91.7627841497381
307	OTU_383	1024	0.033393413214465	91.7961775629526
308	OTU_291	1020	0.033262970194096	91.8294405331467
309	OTU_2031	1018	0.0331977486839115	91.8626382818306
310	OTU_128	1014	0.0330673056635424	91.8957055874942
311	OTU_293	1007	0.0328390303778967	91.9285446178721
312	OTU_325	1000	0.0326107550922509	91.9611553729643
313	OTU_233	997	0.0325129228269742	91.9936682957913
314	OTU_327	995	0.0324477013167897	92.0261159971081
315	OTU_62	994	0.0324150905616974	92.0585310876698
316	OTU_297	990	0.0322846475413284	92.0908157352111
317	OTU_503	986	0.0321542045209594	92.1229699397321
318	OTU_372	984	0.0320889830107749	92.1550589227428
319	OTU_4435	982	0.0320237615005904	92.1870826842434
320	OTU_283	982	0.0320237615005904	92.219106445744
321	OTU_449	980	0.0319585399904059	92.2510649857344
322	OTU_345	979	0.0319259292353137	92.2829909149698
323	OTU_332	964	0.0314367679089299	92.3144276828787
324	OTU_284	962	0.0313715463987454	92.3457992292774
325	OTU_360	961	0.0313389356436531	92.3771381649211
326	OTU_296	959	0.0312737141334686	92.4084118790546
327	OTU_4627	951	0.0310128280927306	92.4394247071473
328	OTU_3933	947	0.0308823850723616	92.4703070922196
329	OTU_302	944	0.0307845528070849	92.5010916450267
330	OTU_299	932	0.0303932237459779	92.5314848687727
331	OTU_289	929	0.0302953914807011	92.5617802602534
332	OTU_316	919	0.0299692839297786	92.5917495441832
333	OTU_292	911	0.0297083978890406	92.6214579420722
334	OTU_599	910	0.0296757871339484	92.6511337292062
335	OTU_295	910	0.0296757871339484	92.6808095163401
336	OTU_451	906	0.0295453441135793	92.7103548604537
337	OTU_303	898	0.0292844580728413	92.7396393185266
338	OTU_479	895	0.0291866258075646	92.7688259443341
339	OTU_301	895	0.0291866258075646	92.7980125701417
340	OTU_395	890	0.0290235720321033	92.8270361421738
341	OTU_304	889	0.0289909612770111	92.8560271034508
342	OTU_376	889	0.0289909612770111	92.8850180647278
343	OTU_434	889	0.0289909612770111	92.9140090260048
344	OTU_338	885	0.0288605182566421	92.9428695442615
345	OTU_294	873	0.0284691891955351	92.971338733457
346	OTU_482	868	0.0283061354200738	92.9996448688771
347	OTU_313	862	0.0281104708895203	93.0277553397666
348	OTU_330	862	0.0281104708895203	93.0558658106561
349	OTU_382	858	0.0279800278691513	93.0838458385253
350	OTU_323	851	0.0277517525835055	93.1115975911088
351	OTU_337	850	0.0277191418284133	93.1393167329372
352	OTU_307	850	0.0277191418284133	93.1670358747656
353	OTU_581	849	0.027686531073321	93.1947224058389
354	OTU_407	839	0.0273604235223985	93.2220828293613
355	OTU_397	838	0.0273278127673063	93.2494106421286
356	OTU_460	831	0.0270995374816605	93.2765101796103
357	OTU_2182	831	0.0270995374816605	93.3036097170919
358	OTU_370	825	0.026903872951107	93.3305135900431
359	OTU_342	825	0.026903872951107	93.3574174629942
360	OTU_3956	818	0.0266755976654613	93.3840930606596
361	OTU_344	814	0.0265451546450923	93.4106382153047
362	OTU_306	812	0.0264799331349078	93.4371181484396
363	OTU_2131	805	0.026251657849262	93.4633698062889
364	OTU_4487	804	0.0262190470941698	93.4895888533831
365	OTU_396	803	0.0261864363390775	93.5157752897221
366	OTU_385	801	0.026121214828893	93.541896504551
367	OTU_499	798	0.0260233825636162	93.5679198871146
368	OTU_3727	796	0.0259581610534317	93.5938780481681
369	OTU_369	795	0.0259255502983395	93.6198035984664
370	OTU_352	793	0.025860328788155	93.6456639272546
371	OTU_400	792	0.0258277180330627	93.6714916452876
372	OTU_392	791	0.0257951072779705	93.6972867525656
373	OTU_281	789	0.025729885767786	93.7230166383334
374	OTU_351	787	0.0256646642576015	93.748681302591
375	OTU_335	786	0.0256320535025092	93.7743133560935
376	OTU_374	777	0.025338556706679	93.7996519128002
377	OTU_402	772	0.0251755029312177	93.8248274157314
378	OTU_5724	771	0.0251428921761255	93.8499703079075
379	OTU_409	769	0.025077670665941	93.8750479785735
380	OTU_412	766	0.0249798384006642	93.9000278169741
381	OTU_426	762	0.0248493953802952	93.9248772123544
382	OTU_123	762	0.0248493953802952	93.9497266077347
383	OTU_315	760	0.0247841738701107	93.9745107816048
384	OTU_552	758	0.0247189523599262	93.9992297339648
385	OTU_576	747	0.0243602340539114	94.0235899680187
386	OTU_502	743	0.0242297910335424	94.0478197590522
387	OTU_1328	741	0.0241645695233579	94.0719843285756
388	OTU_4155	740	0.0241319587682657	94.0961162873439
389	OTU_355	740	0.0241319587682657	94.1202482461121
390	OTU_486	740	0.0241319587682657	94.1443802048804
391	OTU_388	739	0.0240993480131734	94.1684795528936
392	OTU_526	738	0.0240667372580812	94.1925462901517
393	OTU_628	736	0.0240015157478967	94.2165478058996
394	OTU_852	735	0.0239689049928044	94.2405167108924
395	OTU_310	732	0.0238710727275277	94.2643877836199
396	OTU_312	728	0.0237406297071587	94.288128413327
397	OTU_358	722	0.0235449651766052	94.3116733785037
398	OTU_347	721	0.0235123544215129	94.3351857329252
399	OTU_366	719	0.0234471329113284	94.3586328658365
400	OTU_491	718	0.0234145221562362	94.3820473879927
401	OTU_356	715	0.0233166898909594	94.4053640778837
402	OTU_6019	709	0.0231210253604059	94.4284851032441
403	OTU_455	705	0.0229905823400369	94.4514756855841
404	OTU_368	704	0.0229579715849447	94.4744336571691
405	OTU_429	702	0.0228927500747602	94.4973264072438
406	OTU_398	701	0.0228601393196679	94.5201865465635
407	OTU_549	698	0.0227623070543912	94.5429488536179
408	OTU_513	698	0.0227623070543912	94.5657111606723
409	OTU_375	698	0.0227623070543912	94.5884734677267
410	OTU_421	697	0.0227296962992989	94.611203164026
411	OTU_390	696	0.0226970855442067	94.6339002495702
412	OTU_3500	695	0.0226644747891144	94.6565647243593
413	OTU_417	695	0.0226644747891144	94.6792291991484
414	OTU_632	694	0.0226318640340221	94.7018610631824
415	OTU_745	692	0.0225666425238376	94.7244277057063
416	OTU_528	681	0.0222079242178229	94.7466356299241
417	OTU_457	673	0.0219470381770849	94.7685826681012
418	OTU_190	670	0.0218492059118081	94.790431874013
419	OTU_416	670	0.0218492059118081	94.8122810799248
420	OTU_420	669	0.0218165951567159	94.8340976750815
421	OTU_714	665	0.0216861521363469	94.8557838272179
422	OTU_437	663	0.0216209306261624	94.877404757844
423	OTU_544	660	0.0215230983608856	94.8989278562049
424	OTU_403	660	0.0215230983608856	94.9204509545658
425	OTU_448	658	0.0214578768507011	94.9419088314165
426	OTU_592	658	0.0214578768507011	94.9633667082672
427	OTU_664	655	0.0213600445854244	94.9847267528526
428	OTU_2550	653	0.0212948230752399	95.0060215759279
429	OTU_438	652	0.0212622123201476	95.027283788248
430	OTU_413	651	0.0212296015650554	95.0485133898131
431	OTU_436	648	0.0211317692997786	95.0696451591129
432	OTU_446	647	0.0210991585446864	95.0907443176575
433	OTU_520	647	0.0210991585446864	95.1118434762022
434	OTU_380	640	0.0208708832590406	95.1327143594613
435	OTU_509	640	0.0208708832590406	95.1535852427203
436	OTU_150	640	0.0208708832590406	95.1744561259793
437	OTU_404	636	0.0207404402386716	95.195196566218
438	OTU_474	636	0.0207404402386716	95.2159370064567
439	OTU_563	635	0.0207078294835793	95.2366448359403
440	OTU_3904	633	0.0206426079733948	95.2572874439137
441	OTU_387	632	0.0206099972183026	95.277897441132
442	OTU_600	632	0.0206099972183026	95.2985074383503
443	OTU_444	626	0.0204143326877491	95.318921771038
444	OTU_1157	626	0.0204143326877491	95.3393361037258
445	OTU_418	624	0.0203491111775646	95.3596852149033
446	OTU_5429	623	0.0203165004224723	95.3800017153258
447	OTU_906	623	0.0203165004224723	95.4003182157483
448	OTU_393	623	0.0203165004224723	95.4206347161707
449	OTU_378	622	0.0202838896673801	95.4409186058381
450	OTU_1352	619	0.0201860574021033	95.4611046632402
451	OTU_498	610	0.0198925606062731	95.4809972238465
452	OTU_464	608	0.0198273390960886	95.5008245629426
453	OTU_406	602	0.0196316745655351	95.5204562375081
454	OTU_394	602	0.0196316745655351	95.5400879120736
455	OTU_422	602	0.0196316745655351	95.5597195866392
456	OTU_389	601	0.0195990638104428	95.5793186504496
457	OTU_445	599	0.0195338423002583	95.5988524927499
458	OTU_466	598	0.0195012315451661	95.618353724295
459	OTU_485	594	0.0193707885247971	95.6377245128198
460	OTU_427	593	0.0193381777697048	95.6570626905895
461	OTU_484	593	0.0193381777697048	95.6764008683593
462	OTU_415	589	0.0192077347493358	95.6956086031086
463	OTU_411	589	0.0192077347493358	95.7148163378579
464	OTU_450	585	0.0190772917289668	95.7338936295869
465	OTU_634	583	0.0190120702187823	95.7529056998057
466	OTU_470	582	0.01897945946369	95.7718851592693
467	OTU_146	582	0.01897945946369	95.790864618733
468	OTU_419	581	0.0189468487085978	95.8098114674416
469	OTU_554	580	0.0189142379535055	95.8287257053951
470	OTU_488	579	0.0188816271984133	95.8476073325936
471	OTU_487	567	0.0184902981373063	95.8660976307309
472	OTU_1839	564	0.0183924658720295	95.8844900966029
473	OTU_226	563	0.0183598551169373	95.9028499517198
474	OTU_687	559	0.0182294120965683	95.9210793638164
475	OTU_362	559	0.0182294120965683	95.939308775913
476	OTU_551	558	0.018196801341476	95.9575055772545
477	OTU_610	556	0.0181315798312915	95.9756371570857
478	OTU_334	553	0.0180337475660148	95.9936709046518
479	OTU_428	553	0.0180337475660148	96.0117046522178
480	OTU_453	551	0.0179685260558303	96.0296731782736
481	OTU_39	549	0.0179033045456458	96.0475764828192
482	OTU_472	549	0.0179033045456458	96.0654797873649
483	OTU_253	546	0.017805472280369	96.0832852596452
484	OTU_343	542	0.01767502926	96.1009602889052
485	OTU_456	542	0.01767502926	96.1186353181652
486	OTU_570	540	0.0176098077498155	96.1362451259151
487	OTU_430	539	0.0175771969947233	96.1538223229098
488	OTU_371	535	0.0174467539743542	96.1712690768841
489	OTU_4340	533	0.0173815324641697	96.1886506093483
490	OTU_558	533	0.0173815324641697	96.2060321418125
491	OTU_477	531	0.0173163109539852	96.2233484527665
492	OTU_461	529	0.0172510894438007	96.2405995422103
493	OTU_132	527	0.0171858679336162	96.2577854101439
494	OTU_346	527	0.0171858679336162	96.2749712780775
495	OTU_5973	523	0.0170554249132472	96.2920267029908
496	OTU_481	521	0.0169902034030627	96.3090169063938
497	OTU_159	521	0.0169902034030627	96.3260071097969
498	OTU_454	519	0.0169249818928782	96.3429320916898
499	OTU_442	518	0.016892371137786	96.3598244628276
500	OTU_667	516	0.0168271496276015	96.3766516124552
501	OTU_512	514	0.016761928117417	96.3934135405726
502	OTU_367	511	0.0166640958521402	96.4100776364247
503	OTU_550	508	0.0165662635868635	96.4266439000116
504	OTU_467	507	0.0165336528317712	96.4431775528434
505	OTU_621	506	0.016501042076679	96.45967859492
506	OTU_565	506	0.016501042076679	96.4761796369967
507	OTU_1899	501	0.0163379883012177	96.4925176252979
508	OTU_377	500	0.0163053775461255	96.5088230028441
509	OTU_540	499	0.0162727667910332	96.5250957696351
510	OTU_517	497	0.0162075452808487	96.541303314916
511	OTU_483	495	0.0161423237706642	96.5574456386866
512	OTU_504	495	0.0161423237706642	96.5735879624573
513	OTU_462	493	0.0160771022604797	96.5896650647178
514	OTU_469	484	0.0157836054646495	96.6054486701824
515	OTU_230	482	0.015718383954465	96.6211670541369
516	OTU_4492	479	0.0156205516891882	96.6367876058261
517	OTU_441	478	0.0155879409340959	96.6523755467602
518	OTU_5915	477	0.0155553301790037	96.6679308769392
519	OTU_680	476	0.0155227194239114	96.6834535963631
520	OTU_574	474	0.0154574979137269	96.6989110942768
521	OTU_556	472	0.0153922764035424	96.7143033706804
522	OTU_458	467	0.0152292226280812	96.7295325933084
523	OTU_591	466	0.0151966118729889	96.7447292051814
524	OTU_496	463	0.0150987796077122	96.7598279847891
525	OTU_542	461	0.0150335580975277	96.7748615428867
526	OTU_363	459	0.0149683365873432	96.789829879474
527	OTU_501	459	0.0149683365873432	96.8047982160614
528	OTU_3969	455	0.0148378935669742	96.8196361096283
529	OTU_5015	455	0.0148378935669742	96.8344740031953
530	OTU_3773	453	0.0147726720567897	96.8492466752521
531	OTU_529	453	0.0147726720567897	96.8640193473089
532	OTU_582	453	0.0147726720567897	96.8787920193657
533	OTU_560	452	0.0147400613016974	96.8935320806674
534	OTU_532	450	0.0146748397915129	96.9082069204589
535	OTU_478	448	0.0146096182813284	96.9228165387402
536	OTU_228	446	0.0145443967711439	96.9373609355114
537	OTU_476	445	0.0145117860160517	96.9518727215274
538	OTU_557	445	0.0145117860160517	96.9663845075435
539	OTU_480	444	0.0144791752609594	96.9808636828044
540	OTU_603	443	0.0144465645058672	96.9953102473103
541	OTU_506	441	0.0143813429956827	97.009691590306
542	OTU_1482	440	0.0143487322405904	97.0240403225466
543	OTU_523	434	0.0141530677100369	97.0381933902566
544	OTU_679	433	0.0141204569549447	97.0523138472116
545	OTU_4556	430	0.0140226246896679	97.0663364719012
546	OTU_612	429	0.0139900139345757	97.0803264858358
547	OTU_682	429	0.0139900139345757	97.0943164997704
548	OTU_595	426	0.0138921816692989	97.1082086814397
549	OTU_694	424	0.0138269601591144	97.1220356415988
550	OTU_543	423	0.0137943494040221	97.1358299910028
551	OTU_598	423	0.0137943494040221	97.1496243404068
552	OTU_705	423	0.0137943494040221	97.1634186898109
553	OTU_826	422	0.0137617386489299	97.1771804284598
554	OTU_534	419	0.0136639063836531	97.1908443348434
555	OTU_2541	419	0.0136639063836531	97.2045082412271
556	OTU_620	419	0.0136639063836531	97.2181721476107
557	OTU_4403	419	0.0136639063836531	97.2318360539944
558	OTU_5687	418	0.0136312956285609	97.245467349623
559	OTU_538	417	0.0135986848734686	97.2590660344964
560	OTU_546	416	0.0135660741183764	97.2726321086148
561	OTU_530	415	0.0135334633632841	97.2861655719781
562	OTU_677	414	0.0135008526081919	97.2996664245863
563	OTU_525	414	0.0135008526081919	97.3131672771945
564	OTU_727	413	0.0134682418530996	97.3266355190476
565	OTU_516	411	0.0134030203429151	97.3400385393905
566	OTU_495	411	0.0134030203429151	97.3534415597334
567	OTU_465	404	0.0131747450572694	97.3666163047907
568	OTU_527	403	0.0131421343021771	97.3797584390929
569	OTU_572	403	0.0131421343021771	97.392900573395
570	OTU_171	402	0.0131095235470849	97.4060100969421
571	OTU_143	398	0.0129790805267159	97.4189891774688
572	OTU_802	398	0.0129790805267159	97.4319682579955
573	OTU_613	396	0.0129138590165314	97.4448821170121
574	OTU_644	388	0.0126529729757934	97.4575350899879
575	OTU_580	387	0.0126203622207011	97.4701554522086
576	OTU_539	386	0.0125877514656089	97.4827432036742
577	OTU_274	385	0.0125551407105166	97.4952983443847
578	OTU_725	384	0.0125225299554244	97.5078208743401
579	OTU_571	381	0.0124246976901476	97.5202455720303
580	OTU_661	381	0.0124246976901476	97.5326702697204
581	OTU_609	376	0.0122616439146864	97.5449319136351
582	OTU_545	375	0.0122290331595941	97.5571609467947
583	OTU_584	374	0.0121964224045018	97.5693573691992
584	OTU_548	372	0.0121312008943173	97.5814885700935
585	OTU_596	369	0.0120333686290406	97.5935219387225
586	OTU_624	367	0.0119681471188561	97.6054900858414
587	OTU_4497	366	0.0119355363637638	97.6174256222052
588	OTU_625	366	0.0119355363637638	97.6293611585689
589	OTU_161	366	0.0119355363637638	97.6412966949327
590	OTU_633	365	0.0119029256086716	97.6531996205414
591	OTU_575	361	0.0117724825883026	97.6649721031297
592	OTU_537	361	0.0117724825883026	97.676744585718
593	OTU_522	361	0.0117724825883026	97.6885170683063
594	OTU_259	359	0.0117072610781181	97.7002243293844
595	OTU_764	359	0.0117072610781181	97.7119315904625
596	OTU_541	358	0.0116746503230258	97.7236062407855
597	OTU_535	356	0.0116094288128413	97.7352156695984
598	OTU_185	356	0.0116094288128413	97.7468250984112
599	OTU_662	356	0.0116094288128413	97.7584345272241
600	OTU_364	354	0.0115442073026568	97.7699787345267
601	OTU_641	353	0.0115115965475646	97.7814903310743
602	OTU_660	353	0.0115115965475646	97.7930019276218
603	OTU_693	352	0.0114789857924723	97.8044809134143
604	OTU_729	351	0.0114463750373801	97.8159272884517
605	OTU_585	348	0.0113485427721033	97.8272758312238
606	OTU_473	348	0.0113485427721033	97.8386243739959
607	OTU_607	348	0.0113485427721033	97.849972916768
608	OTU_780	345	0.0112507105068266	97.8612236272748
609	OTU_569	344	0.0112180997517343	97.8724417270266
610	OTU_931	342	0.0111528782415498	97.8835946052681
611	OTU_423	341	0.0111202674864576	97.8947148727546
612	OTU_626	340	0.0110876567313653	97.9058025294859
613	OTU_631	340	0.0110876567313653	97.9168901862173
614	OTU_593	339	0.0110550459762731	97.9279452321936
615	OTU_2944	338	0.0110224352211808	97.9389676674147
616	OTU_497	337	0.0109898244660886	97.9499574918808
617	OTU_588	337	0.0109898244660886	97.9609473163469
618	OTU_567	335	0.0109246029559041	97.9718719193028
619	OTU_614	334	0.0108919922008118	97.9827639115037
620	OTU_5969	334	0.0108919922008118	97.9936559037045
621	OTU_611	334	0.0108919922008118	98.0045478959053
622	OTU_435	333	0.0108593814457196	98.015407277351
623	OTU_688	332	0.0108267706906273	98.0262340480416
624	OTU_586	330	0.0107615491804428	98.0369955972221
625	OTU_604	327	0.0106637169151661	98.0476593141372
626	OTU_640	326	0.0106311061600738	98.0582904202973
627	OTU_674	326	0.0106311061600738	98.0689215264574
628	OTU_547	325	0.0105984954049816	98.0795200218624
629	OTU_468	324	0.0105658846498893	98.0900859065123
630	OTU_672	323	0.0105332738947971	98.1006191804071
631	OTU_3235	322	0.0105006631397048	98.1111198435468
632	OTU_636	321	0.0104680523846126	98.1215878959314
633	OTU_361	321	0.0104680523846126	98.132055948316
634	OTU_785	321	0.0104680523846126	98.1425240007006
635	OTU_590	320	0.0104354416295203	98.1529594423301
636	OTU_619	319	0.010402830874428	98.1633622732045
637	OTU_147	319	0.010402830874428	98.173765104079
638	OTU_602	319	0.010402830874428	98.1841679349534
639	OTU_800	319	0.010402830874428	98.1945707658278
640	OTU_665	318	0.0103702201193358	98.2049409859472
641	OTU_261	317	0.0103376093642435	98.2152785953114
642	OTU_608	315	0.010272387854059	98.2255509831655
643	OTU_668	315	0.010272387854059	98.2358233710195
644	OTU_809	313	0.0102071663438745	98.2460305373634
645	OTU_627	312	0.0101745555887823	98.2562050929522
646	OTU_642	310	0.0101093340785978	98.2663144270308
647	OTU_652	308	0.0100441125684133	98.2763585395992
648	OTU_5421	308	0.0100441125684133	98.2864026521676
649	OTU_649	305	0.00994628030313654	98.2963489324707
650	OTU_531	305	0.00994628030313654	98.3062952127739
651	OTU_659	303	0.00988105879295203	98.3161762715668
652	OTU_638	303	0.00988105879295203	98.3260573303598
653	OTU_728	302	0.00984844803785978	98.3359057783976
654	OTU_643	301	0.00981583728276753	98.3457216156804
655	OTU_686	301	0.00981583728276753	98.3555374529632
656	OTU_623	300	0.00978322652767528	98.3653206794908
657	OTU_594	299	0.00975061577258303	98.3750712952634
658	OTU_867	299	0.00975061577258303	98.384821911036
659	OTU_605	299	0.00975061577258303	98.3945725268086
660	OTU_635	299	0.00975061577258303	98.4043231425812
661	OTU_685	298	0.00971800501749078	98.4140411475987
662	OTU_790	297	0.00968539426239853	98.4237265418611
663	OTU_587	295	0.00962017275221403	98.4333467146133
664	OTU_639	293	0.00955495124202952	98.4429016658553
665	OTU_615	293	0.00955495124202952	98.4524566170974
666	OTU_739	293	0.00955495124202952	98.4620115683394
667	OTU_732	292	0.00952234048693727	98.4715339088263
668	OTU_671	290	0.00945711897675277	98.4809910278031
669	OTU_723	288	0.00939189746656827	98.4903829252696
670	OTU_648	288	0.00939189746656827	98.4997748227362
671	OTU_670	287	0.00935928671147602	98.5091341094477
672	OTU_879	287	0.00935928671147602	98.5184933961592
673	OTU_788	285	0.00929406520129152	98.5277874613604
674	OTU_645	284	0.00926145444619927	98.5370489158067
675	OTU_761	284	0.00926145444619927	98.5463103702529
676	OTU_203	284	0.00926145444619927	98.5555718246991
677	OTU_647	284	0.00926145444619927	98.5648332791453
678	OTU_622	282	0.00919623293601476	98.5740295120813
679	OTU_692	282	0.00919623293601476	98.5832257450173
680	OTU_646	282	0.00919623293601476	98.5924219779533
681	OTU_637	282	0.00919623293601476	98.6016182108893
682	OTU_658	279	0.00909840067073801	98.6107166115601
683	OTU_653	279	0.00909840067073801	98.6198150122308
684	OTU_712	278	0.00906578991564576	98.6288808021465
685	OTU_500	278	0.00906578991564576	98.6379465920621
686	OTU_810	278	0.00906578991564576	98.6470123819778
687	OTU_508	277	0.00903317916055351	98.6560455611383
688	OTU_4751	276	0.00900056840546126	98.6650461295438
689	OTU_733	274	0.00893534689527676	98.6739814764391
690	OTU_825	273	0.00890273614018451	98.6828842125792
691	OTU_3860	272	0.00887012538509225	98.6917543379643
692	OTU_241	272	0.00887012538509225	98.7006244633494
693	OTU_536	271	0.00883751463	98.7094619779794
694	OTU_555	271	0.00883751463	98.7182994926094
695	OTU_766	270	0.00880490387490775	98.7271043964843
696	OTU_695	268	0.00873968236472325	98.735844078849
697	OTU_717	268	0.00873968236472325	98.7445837612138
698	OTU_702	267	0.008707071609631	98.7532908328234
699	OTU_700	267	0.008707071609631	98.761997904433
700	OTU_765	265	0.0086418500994465	98.7706397545325
701	OTU_463	265	0.0086418500994465	98.7792816046319
702	OTU_1019	264	0.00860923934435425	98.7878908439763
703	OTU_5670	264	0.00860923934435425	98.7965000833206
704	OTU_5336	262	0.00854401783416974	98.8050441011548
705	OTU_851	259	0.00844618556889299	98.8134902867237
706	OTU_656	258	0.00841357481380074	98.8219038615375
707	OTU_701	257	0.00838096405870849	98.8302848255962
708	OTU_246	257	0.00838096405870849	98.8386657896549
709	OTU_899	256	0.00834835330361624	98.8470141429585
710	OTU_776	256	0.00834835330361624	98.8553624962621
711	OTU_868	253	0.00825052103833949	98.8636130173005
712	OTU_734	253	0.00825052103833949	98.8718635383388
713	OTU_505	253	0.00825052103833949	98.8801140593771
714	OTU_711	253	0.00825052103833949	98.8883645804155
715	OTU_459	252	0.00821791028324723	98.8965824906987
716	OTU_4879	248	0.00808746726287823	98.9046699579616
717	OTU_774	248	0.00808746726287823	98.9127574252245
718	OTU_881	247	0.00805485650778598	98.9208122817323
719	OTU_789	247	0.00805485650778598	98.9288671382401
720	OTU_1739	245	0.00798963499760148	98.9368567732377
721	OTU_1420	245	0.00798963499760148	98.9448464082353
722	OTU_710	244	0.00795702424250923	98.9528034324778
723	OTU_969	244	0.00795702424250923	98.9607604567203
724	OTU_471	243	0.00792441348741698	98.9686848702077
725	OTU_2220	243	0.00792441348741698	98.9766092836951
726	OTU_807	242	0.00789180273232473	98.9845010864275
727	OTU_762	241	0.00785919197723248	98.9923602784047
728	OTU_597	241	0.00785919197723248	99.0002194703819
729	OTU_716	239	0.00779397046704797	99.008013440849
730	OTU_353	239	0.00779397046704797	99.015807411316
731	OTU_722	238	0.00776135971195572	99.023568771028
732	OTU_726	238	0.00776135971195572	99.0313301307399
733	OTU_813	235	0.00766352744667897	99.0389936581866
734	OTU_784	235	0.00766352744667897	99.0466571856333
735	OTU_134	234	0.00763091669158672	99.0542881023249
736	OTU_5439	234	0.00763091669158672	99.0619190190164
737	OTU_814	234	0.00763091669158672	99.069549935708
738	OTU_715	233	0.00759830593649447	99.0771482416445
739	OTU_792	229	0.00746786291612546	99.0846161045607
740	OTU_475	228	0.00743525216103321	99.0920513567217
741	OTU_708	228	0.00743525216103321	99.0994866088827
742	OTU_339	226	0.00737003065084871	99.1068566395336
743	OTU_819	224	0.00730480914066421	99.1141614486742
744	OTU_818	221	0.00720697687538746	99.1213684255496
745	OTU_992	221	0.00720697687538746	99.128575402425
746	OTU_676	220	0.00717436612029521	99.1357497685453
747	OTU_183	219	0.00714175536520296	99.1428915239105
748	OTU_965	218	0.0071091446101107	99.1500006685206
749	OTU_755	218	0.0071091446101107	99.1571098131307
750	OTU_811	217	0.00707653385501845	99.1641863469857
751	OTU_553	217	0.00707653385501845	99.1712628808407
752	OTU_884	216	0.0070439230999262	99.1783068039407
753	OTU_5337	213	0.00694609083464945	99.1852528947753
754	OTU_993	212	0.0069134800795572	99.1921663748549
755	OTU_754	211	0.00688086932446495	99.1990472441793
756	OTU_1343	211	0.00688086932446495	99.2059281135038
757	OTU_801	210	0.0068482585693727	99.2127763720732
758	OTU_753	210	0.0068482585693727	99.2196246306425
759	OTU_1203	210	0.0068482585693727	99.2264728892119
760	OTU_749	210	0.0068482585693727	99.2333211477813
761	OTU_750	210	0.0068482585693727	99.2401694063507
762	OTU_758	210	0.0068482585693727	99.2470176649201
763	OTU_915	209	0.00681564781428045	99.2538333127343
764	OTU_131	208	0.00678303705918819	99.2606163497935
765	OTU_817	206	0.00671781554900369	99.2673341653425
766	OTU_922	206	0.00671781554900369	99.2740519808915
767	OTU_773	205	0.00668520479391144	99.2807371856855
768	OTU_796	203	0.00661998328372694	99.2873571689692
769	OTU_5214	202	0.00658737252863469	99.2939445414978
770	OTU_1082	201	0.00655476177354244	99.3004993032714
771	OTU_1116	200	0.00652215101845019	99.3070214542898
772	OTU_2551	199	0.00648954026335794	99.3135109945532
773	OTU_783	198	0.00645692950826568	99.3199679240614
774	OTU_757	198	0.00645692950826568	99.3264248535697
775	OTU_836	198	0.00645692950826568	99.3328817830779
776	OTU_405	196	0.00639170799808118	99.339273491076
777	OTU_1026	195	0.00635909724298893	99.345632588319
778	OTU_1168	195	0.00635909724298893	99.351991685562
779	OTU_847	194	0.00632648648789668	99.3583181720499
780	OTU_743	193	0.00629387573280443	99.3646120477827
781	OTU_1059	188	0.00613082195734318	99.37074286974
782	OTU_829	187	0.00609821120225092	99.3768410809423
783	OTU_684	187	0.00609821120225092	99.3829392921446
784	OTU_697	187	0.00609821120225092	99.3890375033468
785	OTU_835	185	0.00603298969206642	99.3950704930389
786	OTU_815	184	0.00600037893697417	99.4010708719759
787	OTU_5408	184	0.00600037893697417	99.4070712509128
788	OTU_848	184	0.00600037893697417	99.4130716298498
789	OTU_857	183	0.00596776818188192	99.4190393980317
790	OTU_930	182	0.00593515742678967	99.4249745554585
791	OTU_883	181	0.00590254667169742	99.4308771021302
792	OTU_1096	180	0.00586993591660517	99.4367470380468
793	OTU_1227	179	0.00583732516151292	99.4425843632083
794	OTU_808	178	0.00580471440642067	99.4483890776147
795	OTU_875	178	0.00580471440642067	99.4541937920211
796	OTU_833	178	0.00580471440642067	99.4599985064276
797	OTU_1001	174	0.00567427138605166	99.4656727778136
798	OTU_923	173	0.00564166063095941	99.4713144384446
799	OTU_511	172	0.00560904987586716	99.4769234883204
800	OTU_5971	167	0.00544599610040591	99.4823694844208
801	OTU_1382	167	0.00544599610040591	99.4878154805212
802	OTU_1200	167	0.00544599610040591	99.4932614766217
803	OTU_844	166	0.00541338534531365	99.498674861967
804	OTU_980	165	0.0053807745902214	99.5040556365572
805	OTU_1079	164	0.00534816383512915	99.5094038003923
806	OTU_990	164	0.00534816383512915	99.5147519642274
807	OTU_870	164	0.00534816383512915	99.5201001280626
808	OTU_842	164	0.00534816383512915	99.5254482918977
809	OTU_995	159	0.0051851100596679	99.5306334019573
810	OTU_909	159	0.0051851100596679	99.535818512017
811	OTU_877	158	0.00515249930457565	99.5409710113216
812	OTU_678	156	0.00508727779439115	99.546058289116
813	OTU_869	156	0.00508727779439115	99.5511455669104
814	OTU_913	155	0.00505466703929889	99.5562002339497
815	OTU_1397	154	0.00502205628420664	99.5612222902339
816	OTU_932	153	0.00498944552911439	99.566211735763
817	OTU_937	152	0.00495683477402214	99.571168570537
818	OTU_989	152	0.00495683477402214	99.576125405311
819	OTU_414	150	0.00489161326383764	99.5810170185749
820	OTU_942	149	0.00485900250874539	99.5858760210836
821	OTU_887	149	0.00485900250874539	99.5907350235924
822	OTU_354	147	0.00479378099856089	99.5955288045909
823	OTU_882	145	0.00472855948837639	99.6002573640793
824	OTU_1176	144	0.00469594873328413	99.6049533128126
825	OTU_1033	143	0.00466333797819188	99.6096166507908
826	OTU_5535	142	0.00463072722309963	99.6142473780139
827	OTU_1427	140	0.00456550571291513	99.6188128837268
828	OTU_518	140	0.00456550571291513	99.6233783894397
829	OTU_1160	138	0.00450028420273063	99.6278786736424
830	OTU_1567	137	0.00446767344763838	99.6323463470901
831	OTU_998	136	0.00443506269254613	99.6367814097826
832	OTU_1035	135	0.00440245193745388	99.6411838617201
833	OTU_1528	135	0.00440245193745388	99.6455863136575
834	OTU_985	134	0.00436984118236163	99.6499561548399
835	OTU_997	133	0.00433723042726937	99.6542933852672
836	OTU_1250	133	0.00433723042726937	99.6586306156944
837	OTU_6070	133	0.00433723042726937	99.6629678461217
838	OTU_1323	133	0.00433723042726937	99.667305076549
839	OTU_1188	132	0.00430461967217712	99.6716096962212
840	OTU_1057	131	0.00427200891708487	99.6758817051382
841	OTU_839	130	0.00423939816199262	99.6801211033002
842	OTU_1255	130	0.00423939816199262	99.6843605014622
843	OTU_1018	129	0.00420678740690037	99.6885672888691
844	OTU_1008	128	0.00417417665180812	99.6927414655209
845	OTU_987	127	0.00414156589671587	99.6968830314177
846	OTU_630	127	0.00414156589671587	99.7010245973144
847	OTU_1090	127	0.00414156589671587	99.7051661632111
848	OTU_854	125	0.00407634438653137	99.7092425075976
849	OTU_1038	125	0.00407634438653137	99.7133188519842
850	OTU_1101	125	0.00407634438653137	99.7173951963707
851	OTU_1130	123	0.00401112287634686	99.721406319247
852	OTU_1081	123	0.00401112287634686	99.7254174421234
853	OTU_1051	121	0.00394590136616236	99.7293633434896
854	OTU_1099	120	0.00391329061107011	99.7332766341006
855	OTU_1275	120	0.00391329061107011	99.7371899247117
856	OTU_1075	119	0.00388067985597786	99.7410706045677
857	OTU_1234	118	0.00384806910088561	99.7449186736686
858	OTU_1040	117	0.00381545834579336	99.7487341320143
859	OTU_861	117	0.00381545834579336	99.7525495903601
860	OTU_704	117	0.00381545834579336	99.7563650487059
861	OTU_1102	116	0.00378284759070111	99.7601478962966
862	OTU_1011	116	0.00378284759070111	99.7639307438873
863	OTU_1055	116	0.00378284759070111	99.767713591478
864	OTU_1089	115	0.00375023683560886	99.7714638283137
865	OTU_1240	114	0.00371762608051661	99.7751814543942
866	OTU_1228	113	0.00368501532542436	99.7788664697196
867	OTU_1071	113	0.00368501532542436	99.782551485045
868	OTU_838	112	0.0036524045703321	99.7862038896154
869	OTU_1067	112	0.0036524045703321	99.7898562941857
870	OTU_1680	111	0.00361979381523985	99.7934760880009
871	OTU_1177	111	0.00361979381523985	99.7970958818162
872	OTU_1287	110	0.0035871830601476	99.8006830648763
873	OTU_1093	109	0.00355457230505535	99.8042376371814
874	OTU_1108	108	0.0035219615499631	99.8077595987314
875	OTU_1172	107	0.00348935079487085	99.8112489495262
876	OTU_747	107	0.00348935079487085	99.8147383003211
877	OTU_1308	106	0.0034567400397786	99.8181950403609
878	OTU_738	105	0.00342412928468635	99.8216191696455
879	OTU_874	105	0.00342412928468635	99.8250432989302
880	OTU_1546	104	0.0033915185295941	99.8284348174598
881	OTU_3492	103	0.00335890777450185	99.8317937252343
882	OTU_5017	102	0.0033262970194096	99.8351200222537
883	OTU_769	102	0.0033262970194096	99.8384463192731
884	OTU_199	101	0.00329368626431734	99.8417400055375
885	OTU_328	101	0.00329368626431734	99.8450336918018
886	OTU_683	100	0.00326107550922509	99.848294767311
887	OTU_1105	99	0.00322846475413284	99.8515232320651
888	OTU_1015	99	0.00322846475413284	99.8547516968193
889	OTU_322	97	0.00316324324394834	99.8579149400632
890	OTU_1329	96	0.00313063248885609	99.8610455725521
891	OTU_617	95	0.00309802173376384	99.8641435942858
892	OTU_1354	95	0.00309802173376384	99.8672416160196
893	OTU_439	94	0.00306541097867159	99.8703070269983
894	OTU_840	93	0.00303280022357934	99.8733398272219
895	OTU_737	92	0.00300018946848709	99.8763400166903
896	OTU_1163	91	0.00296757871339484	99.8793075954037
897	OTU_515	89	0.00290235720321033	99.8822099526069
898	OTU_4611	89	0.00290235720321033	99.8851123098102
899	OTU_657	88	0.00286974644811808	99.8879820562583
900	OTU_1229	88	0.00286974644811808	99.8908518027064
901	OTU_751	87	0.00283713569302583	99.8936889383994
902	OTU_1318	86	0.00280452493793358	99.8964934633373
903	OTU_443	85	0.00277191418284133	99.8992653775202
904	OTU_958	85	0.00277191418284133	99.902037291703
905	OTU_381	84	0.00273930342774908	99.9047765951308
906	OTU_1232	82	0.00267408191756458	99.9074506770483
907	OTU_1276	81	0.00264147116247233	99.9100921482108
908	OTU_56	81	0.00264147116247233	99.9127336193733
909	OTU_1435	80	0.00260886040738007	99.9153424797807
910	OTU_1024	78	0.00254363889719557	99.9178861186779
911	OTU_1667	74	0.00241319587682657	99.9202993145547
912	OTU_391	74	0.00241319587682657	99.9227125104315
913	OTU_386	71	0.00231536361154982	99.9250278740431
914	OTU_889	71	0.00231536361154982	99.9273432376546
915	OTU_331	69	0.00225014210136531	99.929593379756
916	OTU_1356	68	0.00221753134627306	99.9318109111022
917	OTU_1161	67	0.00218492059118081	99.9339958316934
918	OTU_2312	66	0.00215230983608856	99.9361481415295
919	OTU_1980	66	0.00215230983608856	99.9383004513656
920	OTU_1691	64	0.00208708832590406	99.9403875396915
921	OTU_410	62	0.00202186681571956	99.9424094065072
922	OTU_357	57	0.0018588130402583	99.9442682195475
923	OTU_365	55	0.0017935915300738	99.9460618110776
924	OTU_568	55	0.0017935915300738	99.9478554026076
925	OTU_767	54	0.00176098077498155	99.9496163833826
926	OTU_1009	53	0.0017283700198893	99.9513447534025
927	OTU_669	50	0.00163053775461255	99.9529752911571
928	OTU_707	48	0.00156531624442804	99.9545406074015
929	OTU_1322	48	0.00156531624442804	99.9561059236459
930	OTU_956	47	0.00153270548933579	99.9576386291353
931	OTU_6054	41	0.00133704095878229	99.9589756700941
932	OTU_721	39	0.00127181944859779	99.9602474895427
933	OTU_1069	36	0.00117398718332103	99.961421476726
934	OTU_1274	36	0.00117398718332103	99.9625954639093
935	OTU_519	35	0.00114137642822878	99.9637368403375
936	OTU_172	35	0.00114137642822878	99.9648782167658
937	OTU_1025	34	0.00110876567313653	99.9659869824389
938	OTU_699	34	0.00110876567313653	99.967095748112
939	OTU_895	34	0.00110876567313653	99.9682045137852
940	OTU_837	33	0.00107615491804428	99.9692806687032
941	OTU_432	33	0.00107615491804428	99.9703568236213
942	OTU_663	33	0.00107615491804428	99.9714329785393
943	OTU_1374	32	0.00104354416295203	99.9724765227023
944	OTU_493	32	0.00104354416295203	99.9735200668652
945	OTU_601	32	0.00104354416295203	99.9745636110282
946	OTU_650	29	0.000945711897675277	99.9755093229258
947	OTU_994	29	0.000945711897675277	99.9764550348235
948	OTU_408	28	0.000913101142583026	99.9773681359661
949	OTU_872	28	0.000913101142583026	99.9782812371087
950	OTU_320	27	0.000880490387490775	99.9791617274962
951	OTU_1388	25	0.000815268877306273	99.9799769963735
952	OTU_798	24	0.000782658122214022	99.9807596544957
953	OTU_326	24	0.000782658122214022	99.9815423126179
954	OTU_696	24	0.000782658122214022	99.9823249707401
955	OTU_1169	23	0.000750047367121771	99.9830750181072
956	OTU_106	23	0.000750047367121771	99.9838250654744
957	OTU_4469	22	0.000717436612029521	99.9845425020864
958	OTU_1366	22	0.000717436612029521	99.9852599386984
959	OTU_507	21	0.00068482585693727	99.9859447645554
960	OTU_2781	21	0.00068482585693727	99.9866295904123
961	OTU_1781	20	0.000652215101845019	99.9872818055142
962	OTU_618	20	0.000652215101845019	99.987934020616
963	OTU_681	19	0.000619604346752768	99.9885536249628
964	OTU_740	19	0.000619604346752768	99.9891732293095
965	OTU_849	19	0.000619604346752768	99.9897928336563
966	OTU_2004	17	0.000554382836568266	99.9903472164928
967	OTU_1364	17	0.000554382836568266	99.9909015993294
968	OTU_2068	15	0.000489161326383764	99.9913907606558
969	OTU_578	13	0.000423939816199262	99.991814700472
970	OTU_853	13	0.000423939816199262	99.9922386402882
971	OTU_447	12	0.000391329061107011	99.9926299693493
972	OTU_1124	12	0.000391329061107011	99.9930212984104
973	OTU_425	11	0.00035871830601476	99.9933800167164
974	OTU_125	11	0.00035871830601476	99.9937387350224
975	OTU_1244	10	0.000326107550922509	99.9940648425734
976	OTU_225	10	0.000326107550922509	99.9943909501243
977	OTU_760	10	0.000326107550922509	99.9947170576752
978	OTU_1311	9	0.000293496795830258	99.995010554471
979	OTU_247	8	0.000260886040738007	99.9952714405118
980	OTU_746	8	0.000260886040738007	99.9955323265525
981	OTU_1608	8	0.000260886040738007	99.9957932125932
982	OTU_1004	8	0.000260886040738007	99.996054098634
983	OTU_184	7	0.000228275285645757	99.9962823739196
984	OTU_1187	6	0.000195664530553506	99.9964780384502
985	OTU_675	6	0.000195664530553506	99.9966737029807
986	OTU_919	6	0.000195664530553506	99.9968693675113
987	OTU_3332	5	0.000163053775461255	99.9970324212867
988	OTU_1197	5	0.000163053775461255	99.9971954750622
989	OTU_1153	4	0.000130443020369004	99.9973259180826
990	OTU_1516	4	0.000130443020369004	99.9974563611029
991	OTU_1493	4	0.000130443020369004	99.9975868041233
992	OTU_1455	4	0.000130443020369004	99.9977172471437
993	OTU_831	4	0.000130443020369004	99.997847690164
994	OTU_1497	4	0.000130443020369004	99.9979781331844
995	OTU_277	4	0.000130443020369004	99.9981085762048
996	OTU_1591	4	0.000130443020369004	99.9982390192251
997	OTU_812	4	0.000130443020369004	99.9983694622455
998	OTU_4383	4	0.000130443020369004	99.9984999052659
999	OTU_329	3	9.78322652767528e-05	99.9985977375312
1000	OTU_703	3	9.78322652767528e-05	99.9986955697964
1001	OTU_2246	3	9.78322652767528e-05	99.9987934020617
1002	OTU_1128	3	9.78322652767528e-05	99.998891234327
1003	OTU_1918	3	9.78322652767528e-05	99.9989890665923
1004	OTU_1378	3	9.78322652767528e-05	99.9990868988576
1005	OTU_562	3	9.78322652767528e-05	99.9991847311229
1006	OTU_938	3	9.78322652767528e-05	99.9992825633881
1007	OTU_759	2	6.52215101845019e-05	99.9993477848983
1008	OTU_1413	2	6.52215101845019e-05	99.9994130064085
1009	OTU_341	2	6.52215101845019e-05	99.9994782279187
1010	OTU_1145	2	6.52215101845019e-05	99.9995434494289
1011	OTU_533	2	6.52215101845019e-05	99.9996086709391
1012	OTU_1443	2	6.52215101845019e-05	99.9996738924492
1013	OTU_961	2	6.52215101845019e-05	99.9997391139594
1014	OTU_3451	1	3.26107550922509e-05	99.9997717247145
1015	OTU_841	1	3.26107550922509e-05	99.9998043354696
1016	OTU_2672	1	3.26107550922509e-05	99.9998369462247
1017	OTU_490	1	3.26107550922509e-05	99.9998695569798
1018	OTU_349	1	3.26107550922509e-05	99.9999021677349
1019	OTU_2096	1	3.26107550922509e-05	99.99993477849
1020	OTU_452	1	3.26107550922509e-05	99.9999673892451
1021	OTU_514	1	3.26107550922509e-05	100
1022	OTU_2144	0	0	100
1023	OTU_1649	0	0	100
1024	OTU_6319	0	0	100
1025	OTU_741	0	0	100
1026	OTU_916	0	0	100
1027	OTU_255	0	0	100
1028	OTU_967	0	0	100
1029	OTU_579	0	0	100
1030	OTU_1294	0	0	100
1031	OTU_1192	0	0	100
1032	OTU_559	0	0	100
1033	OTU_2266	0	0	100
1034	OTU_1773	0	0	100
1035	OTU_830	0	0	100
1036	OTU_1592	0	0	100
1037	OTU_709	0	0	100
1038	OTU_1446	0	0	100
1039	OTU_1865	0	0	100
1040	OTU_1221	0	0	100
1041	OTU_1132	0	0	100
1042	OTU_1175	0	0	100
1043	OTU_1831	0	0	100
1044	OTU_1997	0	0	100
1045	OTU_324	0	0	100
1046	OTU_1655	0	0	100
1047	OTU_1217	0	0	100
1048	OTU_1310	0	0	100
1049	OTU_828	0	0	100
1050	OTU_1296	0	0	100
1051	OTU_2668	0	0	100
1052	OTU_2589	0	0	100
1053	OTU_2846	0	0	100
1054	OTU_2165	0	0	100
1055	OTU_1876	0	0	100
1056	OTU_724	0	0	100
1057	OTU_577	0	0	100
1058	OTU_1596	0	0	100
1059	OTU_1416	0	0	100
1060	OTU_1949	0	0	100
1061	OTU_1394	0	0	100
1062	OTU_827	0	0	100
1063	OTU_1349	0	0	100
